SA37
23.7212 -25.9705
33.0
2.622879827453839 0.0 
2.622879827453839 -1.0 
2.669058275976763 -1.0001 
2.669058275976763 -3.0 
2.625582811652306 -3.0001 
2.625582811652306 -5.5 
2.691110475820394 -5.5001 
2.691110475820394 -8.0 
2.7745102299603426 -8.0001 
2.7745102299603426 -10.5 
2.7675316273834984 -10.5001 
2.7675316273834984 -13.0 
2.74856718033227 -13.0001 
2.74856718033227 -15.5 
2.7373228097010536 -15.5001 
2.7373228097010536 -18.0 
2.722123230445751 -18.0001 
2.722123230445751 -20.5 
2.739829935050418 -20.5001 
2.739829935050418 -23.0 
2.759371561757954 -23.0001 
2.759371561757954 -25.5 
2.7920862306929237 -25.5001 
2.7920862306929237 -28.0 
2.84567359798558 -28.0001 
2.84567359798558 -30.5 
2.926794009509165 -30.5001 
2.926794009509165 -33.0 
3.2170071474937982 -33.0 
