SWZ
25.3317 -27.1823
38.0
2.869062129110293 0.0 
2.869062129110293 -1.0 
2.702442367578626 -1.01 
2.702442367578626 -3.0 
2.5972458566362575 -3.01 
2.5972458566362575 -5.5 
2.7057940886228753 -5.51 
2.7057940886228753 -8.0 
2.7395604097841293 -8.01 
2.7395604097841293 -10.5 
2.736832232190383 -10.51 
2.736832232190383 -13.0 
2.6957699289909183 -13.01 
2.6957699289909183 -15.5 
2.7578268751772876 -15.51 
2.7578268751772876 -18.0 
2.7573646774979483 -18.01 
2.7573646774979483 -20.5 
2.778505601237044 -20.51 
2.778505601237044 -23.0 
2.7745266896802887 -23.01 
2.7745266896802887 -25.5 
2.845590354510435 -25.51 
2.845590354510435 -28.0 
2.8323269137810945 -28.01 
2.8323269137810945 -30.5 
2.9028383747546194 -30.51 
2.9028383747546194 -33.0 
2.9768527206596103 -33.01 
2.9768527206596103 -35.5 
3.032046113977193 -35.51 
3.032046113977193 -38.0 
