MS04
44.22 -23.11
25.5
2.3307383512691215 0.0108745421245 
2.3307383512691215 -1.00475045788 
2.365162903148413 -1.01475045788 
2.365162903148413 -2.01636904762 
2.3505070877296736 -2.01808608059 
2.3505070877296736 -3.11183608059 
2.4554359268279393 -3.1218360805899996 
2.4554359268279393 -4.03731684982 
2.5039166422184755 -4.04731684982 
2.5039166422184755 -5.04807692308 
2.5900945396561683 -5.05807692308 
2.5900945396561683 -5.97842261905 
2.6185305246775683 -5.98842261905 
2.6227718562290097 -6.99175824176 
2.663083078659898 -7.00175824176 
2.663083078659898 -8.00480769231 
2.7449234169210004 -8.014807692309999 
2.7449234169210004 -9.01585393773 
2.8469725988844425 -9.02585393773 
2.8469725988844425 -10.495364011 
2.834156742569381 -10.4959363553 
2.827828841358351 -12.9962225275 
2.658408562545377 -13.0832188645 
2.6537838985335167 -15.5053800366 
2.649208686580305 -15.5837912088 
2.649208686580305 -18.0056662088 
2.8534600709698195 -18.0732028388 
2.8600002118534573 -20.4947916667 
2.893479652979655 -20.5047916667 
2.893479652979655 -22.9933608059 
2.94964671509711 -23.0033608059 
2.94964671509711 -25.4910714286 
3.1833366382760016 -25.501071428600003 
3.1833366382760016 -25.5 
