SGR
78.73 23.88
42.5
4.202741056028756 0.0 
4.225049231833053 -0.814088086359 
4.337839362715015 -0.824088086359 
4.338017945477611 -2.21693933647 
5.7142392735342025 -2.53252996603 
5.714632633504403 -4.99345818707 
5.6144430430102235 -5.00345818707 
5.586416854279939 -7.28165992376 
5.889163608995445 -7.45031427096 
5.889563692004618 -9.911242492 
5.686688439745599 -9.91599331868 
5.7302395245199635 -12.5516840926 
6.351608157350604 -12.5616840926 
6.351991780527399 -14.8225792464 
6.67130491199783 -14.8325792464 
6.656445925028624 -17.2767205722 
6.794080422910872 -17.2867205722 
6.779193397117927 -19.7349340351 
6.962946814805034 -19.9066424852 
6.963395276820292 -22.5433512935 
6.749067869232494 -22.5481021202 
6.7800901451249045 -25.0083516517 
6.9944541869302395 -25.1793814122 
7.010114149583556 -27.288409114 
6.765235120618786 -27.6453998047 
6.765593764493448 -29.7547668513 
6.811540748208071 -29.9295294042 
6.811899546319425 -32.0388964508 
6.506536825067439 -32.2214639333 
6.491777763334839 -34.8585120863 
7.057311933177577 -35.0217369173 
7.057700116609267 -37.3068845511 
7.195134956785908 -37.6553916227 
7.16500906502251 -39.7654373588 
7.2411863362118645 -39.9395212222 
7.2568058922919185 -42.4001100985 
7.2568058922919185 -42.5 
