HQLS
35.06 29.3
32.5
2.7495234283714374 0.0 
2.7495234283714374 -2.304964539007088 
2.748739957143206 -2.3149645390070877 
2.748739957143206 -4.7872340425531945 
2.6840993543472598 -4.797234042553194 
2.6840993543472598 -7.446808510638306 
2.4970308431246897 -7.446808510638306 
2.4970308431246897 -7.4568085106383055 
2.578276858863847 -7.4568085106383055 
2.578276858863847 -10.106382978723403 
2.655550153787273 -10.116382978723403 
2.655550153787273 -12.41134751773049 
3.0554521877335077 -12.42134751773049 
3.0554521877335077 -14.716312056737578 
2.6821167048608214 -14.726312056737578 
2.6821167048608214 -17.37588652482269 
2.7530367795219104 -17.38588652482269 
2.7530367795219104 -22.34042553191489 
2.8390281391388905 -22.34042553191489 
2.8390281391388905 -22.35042553191489 
2.9467226097360704 -22.35042553191489 
2.9467226097360704 -25.0 
3.0460923243286637 -25.01 
3.0460923243286637 -27.304964539007088 
3.1349114641593077 -27.31496453900709 
3.1349114641593077 -29.609929078014176 
3.098180938754919 -29.609929078014176 
3.098180938754919 -29.78723404255318 
3.059657367442383 -29.78723404255318 
3.059657367442383 -32.44680851063829 
3.162161629349277 -32.44680851063829 
3.162161629349277 -32.45680851063829 
