JLOS
35.49 28.74
35.0
2.7494609455684467 0.0 
2.7494609455684467 -2.6744879697752992 
2.748623489455253 -2.6910585272088667 
2.748623489455253 -5.173328030754959 
2.6911622173567014 -5.183328030754959 
2.6911622173567014 -7.640684032610864 
2.513943966011961 -7.640684032610864 
2.513943966011961 -7.650684032610863 
2.47156414525798 -7.650684032610863 
2.47156414525798 -10.114668257440172 
2.6062620981245153 -10.132895870617062 
2.6062620981245153 -12.615165374163183 
2.7402851840759186 -12.615165374163183 
2.7402851840759186 -12.82561145356928 
2.877687812172282 -12.82561145356928 
2.877687812172282 -15.132233048319762 
2.840819126555471 -15.142233048319762 
2.840819126555471 -17.96414131371378 
2.946270835595226 -17.97739775966062 
2.946270835595226 -20.28236229866772 
2.868936542218021 -20.292362298667722 
2.868936542218021 -27.72088553058927 
2.926314203033315 -27.727513753562675 
2.926314203033315 -30.21144031285212 
3.00184155763175 -30.21144031285212 
3.00184155763175 -30.403658779081354 
3.0747859815063334 -30.403658779081354 
3.0747859815063334 -32.71028037383178 
3.2184427482363986 -32.72519387552197 
3.2184427482363986 -35.0 
