KBRS
39.26 25.79
35.0
2.749090208290533 0.0 
2.749090208290533 -4.964539007092185 
2.746977207092365 -4.974539007092185 
2.746977207092365 -7.446808510638277 
2.8130126483801896 -7.446808510638277 
2.8130126483801896 -7.456808510638277 
2.8826104233190946 -7.456808510638277 
2.8826104233190946 -10.106382978723389 
2.996427087019717 -10.116382978723388 
2.996427087019717 -12.588652482269481 
3.0488980924970632 -12.59865248226948 
3.0488980924970632 -14.716312056737564 
3.0340431112102695 -14.716312056737564 
3.0340431112102695 -14.893617021276583 
3.0253567416178995 -14.893617021276583 
3.0253567416178995 -17.375886524822675 
2.972306744374298 -17.385886524822677 
2.972306744374298 -22.51773049645388 
3.025267949458938 -22.52773049645388 
3.025267949458938 -25.17730496453899 
3.0743471438094123 -25.187304964538992 
3.0743471438094123 -27.304964539007074 
3.041781081048533 -27.314964539007075 
3.041781081048533 -29.964539007092185 
2.9926364288393943 -29.974539007092186 
2.9926364288393943 -32.44680851063828 
3.0305965098224372 -32.44680851063828 
3.0305965098224372 -32.456808510638275 
3.0670441948120395 -32.456808510638275 
3.0670441948120395 -34.9290780141844 
3.3301576227443253 -34.939078014184396 
3.3301576227443253 -35.0 
