LN11
37.77 25.32
37.5
2.749510507449611 0.0 
2.749510507449611 -2.3809523809523796 
2.748731883228587 -2.3909523809523794 
2.748731883228587 -4.761904761904759 
2.8471464158470217 -4.771904761904759 
2.8471464158470217 -9.956709956709958 
2.958602418804258 -9.966709956709957 
2.958602418804258 -12.337662337662337 
3.0797432355195826 -12.337662337662337 
3.0797432355195826 -12.55411255411255 
3.202058829883958 -12.55411255411255 
3.202058829883958 -14.935064935064943 
3.133747738796039 -14.945064935064943 
3.133747738796039 -20.129870129870127 
3.252015214262384 -20.13987012987013 
3.252015214262384 -22.727272727272734 
3.1818886471145764 -22.737272727272735 
3.1818886471145764 -25.324675324675326 
3.0898796134682014 -25.334675324675327 
3.0898796134682014 -27.705627705627705 
3.1952247317429436 -27.715627705627707 
3.1952247317429436 -30.303030303030297 
3.232571412968052 -30.3130303030303 
3.232571412968052 -32.68398268398268 
3.2608777871527073 -32.693982683982675 
3.2608777871527073 -35.06493506493506 
3.308658518236911 -35.06493506493506 
3.308658518236911 -35.28138528138528 
3.349298054538943 -35.28138528138528 
3.349298054538943 -37.5 
