RYNS
42.85 21.32
37.5
2.7494729975021692 0.0 
2.7494729975021692 -2.8268551236749113 
2.748623422443497 -2.836855123674911 
2.748623422443497 -5.300353356890459 
2.8091809964819787 -5.310353356890459 
2.8091809964819787 -7.773851590106006 
2.7816916338002566 -7.783851590106006 
2.7816916338002566 -10.424028268551236 
2.7338823881035617 -10.434028268551236 
2.7338823881035617 -12.7208480565371 
2.7795044564179094 -12.7208480565371 
2.7795044564179094 -12.897526501766784 
2.8300793871925936 -12.897526501766784 
2.8300793871925936 -15.371024734982331 
2.873603504827535 -15.381024734982331 
2.873603504827535 -17.84452296819788 
2.905849202920985 -17.84452296819788 
2.905849202920985 -17.85452296819788 
2.939329973695994 -17.85452296819788 
2.939329973695994 -20.141342756183747 
2.9819966936879148 -20.141342756183747 
2.9819966936879148 -20.318021201413426 
3.0216524424187226 -20.318021201413426 
3.0216524424187226 -22.61484098939929 
2.982221076873595 -22.624840989399292 
2.982221076873595 -25.441696113074205 
2.92484785503597 -25.441696113074205 
2.92484785503597 -25.451696113074206 
2.8748194810935273 -25.451696113074206 
2.8748194810935273 -27.915194346289756 
2.906426512371077 -27.925194346289757 
2.906426512371077 -30.212014134275616 
2.939989981275513 -30.222014134275618 
2.939989981275513 -32.50883392226149 
2.9898884663451337 -32.518833922261486 
2.9898884663451337 -35.159010600706715 
3.083109377408995 -35.159010600706715 
3.083109377408995 -35.335689045936405 
3.176459862278469 -35.335689045936405 
3.176459862278469 -37.45583038869259 
