SHMS
39.69 21.45
30.0
2.749504320686439 0.0 
2.749504320686439 -2.6384426710885363 
2.7487258402833183 -2.64535184993263 
2.7487258402833183 -4.812243064911729 
2.7483744163433914 -4.812243064911729 
2.7483744163433914 -4.9858361833696 
2.7491057929327525 -4.9858361833696 
2.7491057929327525 -7.8721456454900265 
2.856890203379191 -7.882145645490026 
2.856890203379191 -10.226448336615185 
2.930493191717711 -10.226448336615185 
2.930493191717711 -10.416450754827778 
3.0085629666939764 -10.416450754827778 
3.0085629666939764 -12.763844267108844 
3.0821510760786137 -12.768162503886405 
3.0821510760786137 -15.295194666113925 
3.1360836459997046 -15.295194666113925 
3.1360836459997046 -15.482606142259982 
3.1944712754310762 -15.482606142259982 
3.1944712754310762 -17.829136007185532 
3.137384648599137 -17.839136007185534 
3.137384648599137 -20.352713579991004 
3.187930347899979 -20.352713579991004 
3.187930347899979 -20.539261408781552 
3.238119833815802 -20.539261408781552 
3.238119833815802 -23.066293571009073 
3.1272950147858243 -23.076293571009074 
3.1272950147858243 -25.225411959788563 
3.171584092409401 -25.235411959788564 
3.171584092409401 -27.936401008740106 
3.3177095978693485 -27.946401008740107 
3.3177095978693485 -29.929699105261328 
3.3194767196481556 -29.929699105261328 
3.3194767196481556 -30.0 
