SHRS
40.2 21.5
35.0
2.749475600698661 0.0 
2.749475600698661 -2.5873725816517634 
2.748670218871977 -2.5995076624367357 
2.748670218871977 -4.9554469176894855 
2.7482895918390495 -4.9554469176894855 
2.7482895918390495 -5.143540669856478 
2.740963383697215 -5.143540669856478 
2.740963383697215 -7.498613133624588 
2.760085899479079 -7.498613133624588 
2.760085899479079 -7.673705013521953 
2.810202766699347 -7.673705013521953 
2.810202766699347 -10.027910685805438 
2.869813276881266 -10.027910685805438 
2.869813276881266 -10.202135774218164 
2.9267041293043574 -10.202135774218164 
2.9267041293043574 -12.375182026211789 
2.9721627985076093 -12.375182026211789 
2.9721627985076093 -12.55114069759378 
3.0140489803846315 -12.55114069759378 
3.0140489803846315 -15.087372581651763 
3.040280870484035 -15.097372581651763 
3.040280870484035 -17.621870882740453 
3.096003033208506 -17.631870882740454 
3.096003033208506 -19.973476180570003 
3.138677854541506 -19.973476180570003 
3.138677854541506 -20.149434851952037 
3.176155034577472 -20.149434851952037 
3.176155034577472 -22.505374107204787 
3.13231878355789 -22.505374107204787 
3.13231878355789 -22.69086748491783 
3.0945482601418917 -22.69086748491783 
3.0945482601418917 -25.2270993689758 
3.2131983418104895 -25.2370993689758 
3.2131983418104895 -27.57523750086679 
3.1539347615319415 -27.57870466680535 
3.1539347615319415 -29.933777130573475 
3.232757758448783 -29.943777130573476 
3.232757758448783 -32.46567505720826 
3.3697592818591513 -32.47567505720826 
3.3697592818591513 -34.812946397614596 
3.44755392744929 -34.822946397614594 
3.44755392744929 -35.0 
