YNBS
37.99 24.34
32.5
2.749472207519534 -0.12366634335594995 
2.749472207519534 -2.698836081474269 
2.748676076779541 -2.713385063045564 
2.748676076779541 -5.073957322987383 
2.7543687879078673 -5.0839573229873825 
2.7543687879078673 -7.643064985451019 
2.8043936272043495 -7.643064985451019 
2.8043936272043495 -7.653064985451019 
2.848120009003071 -7.653064985451019 
2.848120009003071 -10.225509214354986 
2.9876091913467993 -10.235208535402506 
2.9876091913467993 -12.81159068865179 
3.126560463102207 -12.81159068865179 
3.126560463102207 -13.04558680892336 
3.252525554967309 -13.04558680892336 
3.252525554967309 -17.550921435499532 
3.2047402152179614 -17.550921435499532 
3.2047402152179614 -17.759456838021322 
3.1627764050937586 -17.759456838021322 
3.1627764050937586 -19.90543161978661 
3.265778207788626 -19.91270611057226 
3.265778207788626 -22.487875848690578 
3.2174652466689873 -22.49787584869058 
3.2174652466689873 -25.059408341416088 
3.156762598504648 -25.06940834141609 
3.156762598504648 -27.62972841901066 
3.285154790539159 -27.638215324927245 
3.285154790539159 -30.21459747817653 
3.353417937848008 -30.21823472356934 
3.353417937848008 -32.5 
