NC602
11.5514705882 60.6146538261
38.0
2.74962071065803 0.0 
2.74962071065803 -1.94726166329 
2.749287716203055 -1.94726166329 
2.749287716203055 -1.95726166329 
2.7489751413859644 -1.95726166329 
2.7489751413859644 -3.89452332657 
2.7486482124426566 -3.89452332657 
2.7486482124426566 -4.05679513185 
2.748384734910565 -4.05679513185 
2.748384734910565 -5.67951318458 
2.7481283830189738 -5.67951318458 
2.7481283830189738 -5.84178498986 
2.770934625667758 -5.84178498986 
2.770934625667758 -7.95131845842 
2.7657641127973003 -7.96131845842 
2.7657641127973003 -9.8985801217 
2.7978293177804554 -9.9085801217 
2.7978293177804554 -12.0081135903 
2.876398263763759 -12.0181135903 
2.876398263763759 -13.7931034483 
2.9322097342720403 -13.8031034483 
2.9322097342720403 -16.0649087221 
2.892538996807385 -16.0749087221 
2.892538996807385 -17.8498985801 
2.8641275541353535 -17.8498985801 
2.8641275541353535 -17.8598985801 
2.842597767688486 -17.8598985801 
2.842597767688486 -19.7971602434 
2.8466125769765567 -19.7971602434 
2.8466125769765567 -19.9594320487 
2.8516531085989083 -19.9594320487 
2.8516531085989083 -21.7444219067 
2.8567193768176127 -21.7444219067 
2.8567193768176127 -21.906693712 
2.861182780201563 -21.906693712 
2.861182780201563 -23.8539553753 
2.883916396066295 -23.8639553753 
2.883916396066295 -25.6389452333 
2.8998021264457186 -25.6389452333 
2.8998021264457186 -25.8012170385 
2.9172091764716104 -25.8012170385 
2.9172091764716104 -27.7484787018 
2.9364014630674795 -27.7484787018 
2.9364014630674795 -27.9107505071 
2.9480619407549273 -27.9107505071 
2.9480619407549273 -29.8580121704 
3.0063443142483317 -29.8680121704 
3.0063443142483317 -31.8052738337 
3.0353906199001655 -31.8052738337 
3.0353906199001655 -31.9675456389 
3.063425810269961 -31.9675456389 
3.063425810269961 -33.752535497 
3.0917361708761066 -33.752535497 
3.0917361708761066 -33.9148073022 
3.1193755030370878 -33.9148073022 
3.1193755030370878 -35.8620689655 
3.2429352487834007 -35.8720689655 
3.2429352487834007 -37.8093306288 
3.3781511979931436 -37.819330628799996 
3.3781511979931436 -38.0 
