NWG04
8.86764705882 62.7160983863
42.0
2.74963055670031 0.0 
2.74963055670031 -1.68421052632 
2.7490148877103198 -1.69421052632 
2.7490148877103198 -3.64912280702 
2.74866355670161 -3.64912280702 
2.74866355670161 -3.9298245614 
2.7483313024586367 -3.9298245614 
2.7483313024586367 -5.89473684211 
2.7623310515869868 -5.90473684211 
2.7623310515869868 -7.85964912281 
2.7838233925687583 -7.869649122809999 
2.7838233925687583 -10.1052631579 
2.8083146708089926 -10.1152631579 
2.8083146708089926 -11.7894736842 
2.789254875923604 -11.7894736842 
2.789254875923604 -12.0701754386 
2.7739352199759955 -12.0701754386 
2.7739352199759955 -13.7543859649 
2.842771968568819 -13.7643859649 
2.842771968568819 -15.7192982456 
2.9628470994352054 -15.729298245599999 
2.9628470994352054 -19.649122807 
2.956562330025917 -19.649122807 
2.956562330025917 -19.9298245614 
2.951092823669164 -19.9298245614 
2.951092823669164 -21.8947368421 
2.9958804140795436 -21.9047368421 
2.9958804140795436 -23.8596491228 
3.013663223248418 -23.869649122800002 
3.013663223248418 -25.8245614035 
3.0213810360770177 -25.8345614035 
3.0213810360770177 -28.0701754386 
3.010859396615589 -28.0801754386 
3.010859396615589 -35.9298245614 
3.042116576490015 -35.939824561399995 
3.042116576490015 -37.8947368421 
3.0721095250999038 -37.9047368421 
3.0721095250999038 -39.8596491228 
3.0932318672043224 -39.8596491228 
3.0932318672043224 -40.1403508772 
3.1143799676227353 -40.1403508772 
3.1143799676227353 -41.8245614035 
3.1138497279880686 -41.8245614035 
3.1138497279880686 -42.0 
