NWG14
5.26470588235 61.3645887559
31.0
2.749581733947483 0.0 
2.749581733947483 -1.9649122807 
2.7489255837855935 -1.9749122807 
2.7489255837855935 -3.9298245614 
2.748578494470558 -3.9298245614 
2.748578494470558 -4.21052631579 
2.748290101418676 -4.21052631579 
2.748290101418676 -5.89473684211 
2.7480106327874783 -5.89473684211 
2.7480106327874783 -6.17543859649 
2.778720241249811 -6.17543859649 
2.778720241249811 -9.26315789474 
2.799450471728319 -9.26315789474 
2.799450471728319 -9.82456140351 
2.809590709868187 -9.82456140351 
2.809590709868187 -12.0701754386 
2.8501027216977786 -12.0801754386 
2.8501027216977786 -14.0350877193 
2.8787043310696894 -14.0450877193 
2.8787043310696894 -16.2807017544 
2.890053025745642 -16.2907017544 
2.890053025745642 -17.9649122807 
2.9149753520853054 -17.9749122807 
2.9149753520853054 -20.2105263158 
2.944392117394371 -20.2205263158 
2.944392117394371 -21.8947368421 
2.8954732256182796 -21.9047368421 
2.8954732256182796 -23.8596491228 
2.8737370775310853 -23.8596491228 
2.8737370775310853 -24.1403508772 
2.857087235588517 -24.1403508772 
2.857087235588517 -26.1052631579 
2.8839424580544994 -26.115263157900003 
2.8839424580544994 -28.0701754386 
3.0003817412011644 -28.0801754386 
3.0003817412011644 -30.0350877193 
3.1980330403427843 -30.045087719300003 
3.1980330403427843 -31.0 
