TULEG
-68.56 76.41
37.0
2.7496352401187045 -0.478788448876 
2.7496352401187045 -1.36769824099 
2.749458588214247 -1.36769824099 
2.749458588214247 -1.51255761452 
2.7492656700410247 -1.51255761452 
2.7492656700410247 -2.52939516508 
2.749095034572055 -2.52939516508 
2.749095034572055 -2.55761452356 
2.748949526222365 -2.55761452356 
2.748949526222365 -3.4455836704 
2.7487693292794293 -3.4455836704 
2.7487693292794293 -3.71178628539 
2.7236472461945835 -3.71178628539 
2.7236472461945835 -20.4750258677 
2.818904184844991 -20.4750258677 
2.818904184844991 -20.7412284827 
2.924656751044378 -20.7412284827 
2.924656751044378 -28.7414166118 
2.8050799618124 -28.7414166118 
2.8050799618124 -28.7514166118 
2.6689616275660533 -28.7514166118 
2.6689616275660533 -32.6648480858 
2.915620251444746 -32.6780171197 
2.915620251444746 -34.5828238171 
3.033228937769675 -34.5828238171 
3.033228937769675 -34.722039319 
3.1532415293511624 -34.722039319 
3.1532415293511624 -37.0 
