AUCO
-70.7125 -32.85333
50.0
2.749080112852386 -0.302994530358 
2.749080112852386 -4.95415732106 
2.5410908309900275 -4.97120896129 
2.5410908309900275 -9.88142551712 
2.54427493640692 -9.88142551712 
2.54427493640692 -10.1673684072 
2.69110915432116 -10.1673684072 
2.69110915432116 -14.8185311979 
2.729341539419254 -14.8185311979 
2.729341539419254 -15.3431970514 
2.768594353507042 -15.3431970514 
2.768594353507042 -19.9943598421 
2.8282233841105544 -19.9943598421 
2.8282233841105544 -20.5223048571 
2.8855338609817878 -20.5223048571 
2.8855338609817878 -29.5662325057 
2.913717005066455 -29.5662325057 
2.913717005066455 -30.0889308622 
2.9424955217340325 -30.0889308622 
2.9424955217340325 -34.4810398877 
2.951222213854907 -34.4810398877 
2.951222213854907 -35.0004590826 
2.9595556911169236 -35.0004590826 
2.9595556911169236 -39.9093639738 
2.9683337835640824 -39.9093639738 
2.9683337835640824 -40.1703852359 
2.9781127794194804 -40.1703852359 
2.9781127794194804 -44.5624942615 
3.0787682228335167 -44.5624942615 
3.0787682228335167 -44.8366321699 
3.182560564871364 -44.8366321699 
3.182560564871364 -49.7678353599 
3.1775026890500393 -49.7678353599 
3.1775026890500393 -50.0 
