B19_USHA_N
-68.43 -54.81
34.0
2.7497727104897085 0.0 
2.7497727104897085 -1.06699751861 
2.7492987785280434 -1.14143920596 
2.7492987785280434 -2.7047146402 
2.74903145827447 -2.7047146402 
2.74903145827447 -2.77915632754 
2.7487648343515825 -2.77915632754 
2.7487648343515825 -4.41687344913 
2.7482574827725323 -4.41687344913 
2.7482574827725323 -6.20347394541 
2.9405006266283507 -6.20347394541 
2.9405006266283507 -8.5111662531 
3.088795386019444 -8.5111662531 
3.088795386019444 -11.2655086849 
3.146101946787104 -11.2655086849 
3.146101946787104 -12.9776674938 
3.203229535494791 -12.9776674938 
3.203229535494791 -14.540942928 
3.3703687602093804 -14.540942928 
3.3703687602093804 -14.6153846154 
3.4820340496888424 -14.6153846154 
3.4820340496888424 -34.0 
