BBLB
-58.7996 -18.6652
42.8
2.75078655887706 1.62657043571 
2.75078655887706 0.419673883988 
2.7501948843897446 0.419673883988 
2.7501948843897446 0.0873206807449 
2.749573810051427 0.0873206807449 
2.749573810051427 -2.3264724227 
2.7487610732566115 -2.3364724227 
2.7487610732566115 -4.89797736791 
2.770640383020875 -4.90797736791 
2.770640383020875 -7.4734919362 
2.8236566438443966 -7.4834919362 
2.8236566438443966 -9.88906709436 
2.8367132932670325 -9.88906709436 
2.8367132932670325 -10.0592533191 
2.8570337431278494 -10.0592533191 
2.8570337431278494 -12.3001871157 
2.8869622064219027 -12.3001871157 
2.8869622064219027 -12.4690367994 
2.9200886016787164 -12.4690367994 
2.9200886016787164 -14.8823843892 
2.9022357151235374 -14.8923843892 
2.9022357151235374 -17.1246547269 
2.908410464410241 -17.1246547269 
2.908410464410241 -17.2966230063 
2.91038156297672 -17.2966230063 
2.91038156297672 -19.7104161098 
2.931717159071729 -19.7104161098 
2.931717159071729 -19.8801568208 
2.955582655599635 -19.8801568208 
2.955582655599635 -22.2939499243 
3.0940347341595573 -22.303949924300003 
3.0940347341595573 -24.8721375746 
3.073811242032942 -24.8734741157 
3.073811242032942 -27.1144079123 
3.0811196527691345 -27.1144079123 
3.0811196527691345 -27.631203778 
3.0808162038921942 -27.631203778 
3.0808162038921942 -29.873028602 
3.1209136724216275 -29.883028602000003 
3.1209136724216275 -32.4570079301 
3.12037430202964 -32.4570079301 
3.12037430202964 -34.8703555199 
3.180263241872788 -34.8803555199 
3.180263241872788 -37.2810300276 
3.2146355930775226 -37.2810300276 
3.2146355930775226 -37.450325225 
3.251681360288472 -37.450325225 
3.251681360288472 -39.6912590217 
3.238862460399027 -39.6912590217 
3.238862460399027 -40.0378686626 
3.2276354957188502 -40.0378686626 
3.2276354957188502 -42.2788024592 
3.3879655471537506 -42.2888024592 
3.3879655471537506 -42.8 
