CHUI
-71.102 -32.83017
35.0
2.749050625816637 -0.516795865633 
2.749050625816637 -4.6511627907 
2.7483678004524155 -4.6511627907 
2.7483678004524155 -4.90956072351 
2.5731353143066262 -4.90956072351 
2.5731353143066262 -9.81912144703 
2.5465313421611695 -9.81912144703 
2.5465313421611695 -10.0775193798 
2.6439214669050317 -10.0775193798 
2.6439214669050317 -14.7286821705 
2.694229536631462 -14.7386821705 
2.694229536631462 -19.8966408269 
2.7716477173839698 -19.8966408269 
2.7716477173839698 -20.4134366925 
2.84799381402318 -20.4134366925 
2.84799381402318 -24.2894056848 
2.8634567802771183 -24.2894056848 
2.8634567802771183 -24.5478036176 
2.887096368653657 -24.5478036176 
2.887096368653657 -29.1989664083 
2.99986550694295 -29.1989664083 
2.99986550694295 -29.9741602067 
3.120904968086441 -29.9741602067 
3.120904968086441 -34.6253229974 
3.229906691502897 -34.6253229974 
3.229906691502897 -34.8837209302 
3.3302289800415985 -34.8837209302 
3.3302289800415985 -35.0 
