D22_NBLA_Vs
-37.78 -10.99
33.5
2.7494831862401137 0.0 
2.7494831862401137 -2.54237288136 
2.7493118447404665 -2.54237288136 
2.7493118447404665 -7.37288135593 
2.7879859923313393 -7.37288135593 
2.7879859923313393 -9.91525423729 
2.8192929282657944 -9.91525423729 
2.8192929282657944 -12.7118644068 
2.8670939044055497 -12.7118644068 
2.8670939044055497 -15.0 
2.9107482549008754 -15.0 
2.9107482549008754 -20.0847457627 
2.860198100724645 -20.0847457627 
2.860198100724645 -25.4237288136 
2.818582696613295 -25.4237288136 
2.818582696613295 -27.4576271186 
2.916178998856363 -27.4576271186 
2.916178998856363 -30.0 
3.1565206725359887 -30.0 
3.1565206725359887 -32.0338983051 
3.3025339813519214 -32.0338983051 
3.3025339813519214 -33.5 
