DSPA_N
-68.26 -53.95
26.7
2.7495646713078816 0.0 
2.7495646713078816 -2.06391478029 
2.7488802969399906 -2.13049267643 
2.7488802969399906 -4.06125166445 
2.748307337360065 -4.12782956059 
2.748307337360065 -5.85885486019 
2.8213496186014657 -5.86885486019 
2.8213496186014657 -7.58988015979 
2.905322094914347 -7.59988015979 
2.905322094914347 -9.5206391478 
2.8774843710349085 -9.5206391478 
2.8774843710349085 -9.58721704394 
2.860212285690385 -9.58721704394 
2.860212285690385 -11.2516644474 
2.826638797526429 -11.2616644474 
2.826638797526429 -13.2490013316 
2.803600455291016 -13.2490013316 
2.803600455291016 -13.2590013316 
2.7825735808621417 -13.2590013316 
2.7825735808621417 -14.9800266312 
2.74846067478047 -14.9900266312 
2.74846067478047 -16.844207723 
2.7224089002328142 -16.844207723 
2.7224089002328142 -16.9773635153 
2.704413006166752 -16.9773635153 
2.704413006166752 -18.6418109188 
2.888921711234798 -18.6418109188 
2.888921711234798 -18.7083888149 
2.9854324290587315 -18.7083888149 
2.9854324290587315 -20.5059920107 
2.9709713806831286 -20.5059920107 
2.9709713806831286 -20.7057256991 
2.9509510273478012 -20.7057256991 
2.9509510273478012 -24.3675099867 
2.9371906837432316 -24.3675099867 
2.9371906837432316 -24.500665779 
2.922866945675917 -24.500665779 
2.922866945675917 -26.431424767 
3.2840138429329992 -26.431424767 
3.2840138429329992 -26.4980026631 
3.4866005383037892 -26.4980026631 
3.4866005383037892 -26.7 
