FRTB
-49.5635 -23.3435
42.5
2.7493452518290287 -0.911823270842 
2.7493452518290287 -2.65600931735 
2.748731047914755 -2.66600931735 
2.748731047914755 -4.75635871811 
2.748391667950466 -4.75635871811 
2.748391667950466 -4.92316940301 
2.7435841147487916 -4.92316940301 
2.7435841147487916 -7.44336326408 
2.787889186888321 -7.44336326408 
2.787889186888321 -7.45336326408 
2.853372438600683 -7.45336326408 
2.853372438600683 -9.76011571552 
2.8088537290902393 -9.76011571552 
2.8088537290902393 -9.95961227787 
2.763785441269231 -9.95961227787 
2.763785441269231 -12.2859450727 
2.7931880164770684 -12.2859450727 
2.7931880164770684 -12.475297742 
2.825860173853742 -12.475297742 
2.825860173853742 -14.6077694706 
2.8578110191173662 -14.6077694706 
2.8578110191173662 -14.9909832062 
2.8943538681791474 -14.9909832062 
2.8943538681791474 -17.3167524514 
2.928171607662612 -17.3167524514 
2.928171607662612 -17.5066686704 
2.956233029266569 -17.5066686704 
2.956233029266569 -19.639140399 
2.9415572319793712 -19.639140399 
2.9415572319793712 -20.0285531803 
2.9266184235817043 -20.0285531803 
2.9266184235817043 -22.3548859751 
2.929293272633815 -22.3548859751 
2.929293272633815 -22.5481834918 
2.931982218388814 -22.5481834918 
2.931982218388814 -24.6806552203 
2.8816151420850726 -24.6806552203 
2.8816151420850726 -24.8807153323 
2.827633034930839 -24.8807153323 
2.827633034930839 -27.4009091934 
2.8728021605202234 -27.410909193400002 
2.8728021605202234 -29.9177217568 
2.964155840663883 -29.9277217568 
2.964155840663883 -37.4726678439 
3.0077091713682997 -37.482667843899996 
3.0077091713682997 -39.9900439569 
3.0847524422225483 -40.0000439569 
3.0847524422225483 -42.3118683548 
3.271610652485604 -42.321868354799996 
3.271610652485604 -42.5 
