LP04
-38.386 -5.59
32.5
2.7498960262239387 0.0 
2.7498960262239387 -0.331 
2.7495089046759436 -0.341 
2.7495089046759436 -2.009 
2.748856384614033 -2.0189999999999997 
2.748856384614033 -4.331 
2.74797281925523 -4.341 
2.74797281925523 -6.962 
2.721924782982251 -6.9719999999999995 
2.721924782982251 -8.946 
2.7732595238048523 -8.946 
2.7732595238048523 -8.956 
2.8214708380883486 -8.956 
2.8214708380883486 -13.908 
2.928578921976853 -13.918 
2.928578921976853 -16.893 
2.903810407461918 -16.903000000000002 
2.903810407461918 -19.201 
2.923398645069324 -19.211000000000002 
2.923398645069324 -21.843 
2.9394589327708673 -21.843 
2.9394589327708673 -21.853 
2.9536273412340504 -21.853 
2.9536273412340504 -29.438 
3.02556725550232 -29.448 
3.02556725550232 -32.085 
3.2557749604519763 -32.095 
3.2557749604519763 -32.5 
