NBAN
-36.275 -9.669
37.5
2.749631470182659 0.0 
2.749631470182659 -1.679 
2.74917096266096 -1.689 
2.74917096266096 -2.679 
2.7486438473825845 -2.6889999999999996 
2.7486438473825845 -5.039 
2.768574172133662 -5.0489999999999995 
2.768574172133662 -7.763 
2.8873955293033884 -7.773 
2.8873955293033884 -10.139 
2.905011357342609 -10.149 
2.905011357342609 -12.53 
2.8667446152861222 -12.54 
2.8667446152861222 -15.27 
2.9598464670384144 -15.28 
2.9598464670384144 -17.986 
3.0540542829834196 -17.996000000000002 
3.0540542829834196 -20.693 
3.076991122346156 -20.703000000000003 
3.076991122346156 -25.132 
3.126212647139 -25.142000000000003 
3.126212647139 -27.861 
3.125605128580438 -27.871000000000002 
3.125605128580438 -30.921 
3.1777780892530942 -30.931 
3.1777780892530942 -33.309 
3.2199819340456926 -33.318999999999996 
3.2199819340456926 -34.996 
3.3447080045695006 -35.006 
3.3447080045695006 -37.333 
3.562543530429926 -37.342999999999996 
3.562543530429926 -37.5 
