NBLI
-36.95 -7.364
32.5
2.749751872885495 0.0 
2.749751872885495 -1.186 
2.749279510442899 -1.196 
2.749279510442899 -2.767 
2.7486567231904653 -2.7769999999999997 
2.7486567231904653 -5.138 
2.7496856096424036 -5.148 
2.7496856096424036 -7.905 
2.7973541554874 -7.915 
2.7973541554874 -10.277 
2.8322463404413076 -10.286999999999999 
2.8322463404413076 -12.648 
2.8660965420904816 -12.648 
2.8660965420904816 -12.658 
2.8965183409205273 -12.658 
2.8965183409205273 -15.02 
2.921208195105165 -15.03 
2.921208195105165 -17.391 
2.9591549726397623 -17.401 
2.9591549726397623 -22.134 
2.9678205693168755 -22.144000000000002 
2.9678205693168755 -27.668 
3.0230283343330258 -27.678 
3.0230283343330258 -30.04 
3.1276898957991466 -30.05 
3.1276898957991466 -32.5 
