NBMA
-38.764 -7.365
37.5
2.7497934833982134 0.0 
2.7497934833982134 -0.949 
2.749624193316789 -0.949 
2.749624193316789 -0.959 
2.749353254934145 -0.959 
2.749353254934145 -2.559 
2.7487348845586683 -2.569 
2.7487348845586683 -4.831 
2.7481142570563226 -4.841 
2.7481142570563226 -6.794 
2.8309784091162555 -6.803999999999999 
2.8309784091162555 -10.033 
2.8674028816956985 -10.043 
2.8674028816956985 -17.183 
2.952197997774043 -17.193 
2.952197997774043 -19.774 
2.9372195835758466 -19.784000000000002 
2.9372195835758466 -22.377 
2.8854190313791297 -22.387 
2.8854190313791297 -24.659 
2.857336071607047 -24.669 
2.857336071607047 -27.261 
2.9027833681506503 -27.271 
2.9027833681506503 -29.535 
3.0116131705032783 -29.545 
3.0116131705032783 -32.126 
3.0602635141816203 -32.135999999999996 
3.0602635141816203 -34.722 
3.126158799319628 -34.732 
3.126158799319628 -36.666 
3.348386971451292 -36.675999999999995 
3.348386971451292 -37.5 
