NIKI
-67.87 -31.578
50.0
2.749094535217571 -0.258064516129 
2.749094535217571 -4.64516129032 
2.7483696032797615 -4.64516129032 
2.7483696032797615 -4.90322580645 
2.5270646371140177 -4.90322580645 
2.5270646371140177 -9.54838709677 
2.4183335021763965 -9.54838709677 
2.4183335021763965 -10.064516129 
2.4810483856459444 -10.064516129 
2.4810483856459444 -14.7096774194 
2.5645331966186715 -14.7096774194 
2.5645331966186715 -14.9677419355 
2.6514988603462393 -14.9677419355 
2.6514988603462393 -19.8709677419 
2.7133853122827776 -19.8709677419 
2.7133853122827776 -20.1290322581 
2.781145414567707 -20.1290322581 
2.781145414567707 -24.2580645161 
2.846515619993868 -24.2580645161 
2.846515619993868 -25.0322580645 
2.9129131263458943 -25.0322580645 
2.9129131263458943 -29.6774193548 
3.0096410215551264 -29.6774193548 
3.0096410215551264 -29.935483871 
3.10634125582717 -29.935483871 
3.10634125582717 -34.3225806452 
3.1641417824241675 -34.3225806452 
3.1641417824241675 -34.8387096774 
3.2236193974561296 -34.8387096774 
3.2236193974561296 -39.7419354839 
3.29142041226399 -39.7419354839 
3.29142041226399 -40.0 
3.3586512529712516 -40.0 
3.3586512529712516 -44.1290322581 
3.394033832446349 -44.1290322581 
3.394033832446349 -44.9032258065 
3.4362715632183023 -44.9032258065 
3.4362715632183023 -49.8064516129 
3.663593862407386 -49.816451612899996 
3.663593862407386 -50.0 
