PANT
-56.62 -18.99
35.1
2.7504821287316763 1.40017132898 
2.7504821287316763 -0.146663515789 
2.7499047669526506 -0.146663515789 
2.7499047669526506 -0.156663515789 
2.7495306219001145 -0.156663515789 
2.7495306219001145 -2.31427052255 
2.7491462364242745 -2.31427052255 
2.7491462364242745 -2.45561693203 
2.7487218917954137 -2.45561693203 
2.7487218917954137 -5.03485658583 
2.7899347831800236 -5.04017369214 
2.7899347831800236 -7.44705048297 
2.9780822450355102 -7.44705048297 
2.9780822450355102 -7.45705048297 
3.0006310068212034 -7.45705048297 
3.0006310068212034 -10.022302307 
2.9370389509377905 -10.032302307 
2.9370389509377905 -12.4327238354 
2.8363618630472662 -12.4384840339 
2.8363618630472662 -15.0172805955 
2.861722656156732 -15.0272805955 
2.861722656156732 -17.4219419254 
2.8656889646222012 -17.4219419254 
2.8656889646222012 -20.000738487 
2.94675128272775 -20.010738487 
2.94675128272775 -22.4027412637 
2.9998144700068226 -22.4027412637 
2.9998144700068226 -22.5684577438 
3.0650250278991917 -22.5684577438 
3.0650250278991917 -24.9744483502 
3.063002604481597 -24.9744483502 
3.063002604481597 -27.3822113254 
3.016316207948509 -27.3839836942 
3.016316207948509 -29.963223348 
3.0597214284701626 -29.973223348 
3.0597214284701626 -32.5389182643 
3.104568634892852 -32.5489182643 
3.104568634892852 -34.9289575518 
3.099721085785114 -34.9289575518 
3.099721085785114 -35.1 
