PCMN
-35.114 -6.828
30.0
2.7527309073515793 0.0 
2.7527309073515793 -7.895 
2.849929789824125 -7.904999999999999 
2.849929789824125 -10.197 
2.9002691455195624 -10.206999999999999 
2.9002691455195624 -12.5 
2.999133345324492 -12.51 
2.999133345324492 -14.803 
2.9645859697378127 -14.813 
2.9645859697378127 -17.434 
2.9376435958215774 -17.444000000000003 
2.9376435958215774 -20.395 
2.9930711405336132 -20.405 
2.9930711405336132 -22.697 
2.904862927968997 -22.707 
2.904862927968997 -26.974 
2.973771236719361 -26.984 
2.973771236719361 -30.0 
