RPRD
-53.7007 -20.4808
42.3
2.7502458283588567 1.37535816619 
2.7502458283588567 0.0 
2.7499569174974714 0.0 
2.7499569174974714 -0.171919770774 
2.7494427735191835 -0.171919770774 
2.7494427735191835 -2.5787965616 
2.7490149163020345 -2.5787965616 
2.7490149163020345 -2.75071633238 
2.7486422822013363 -2.75071633238 
2.7486422822013363 -4.98567335244 
2.748283196015745 -4.98567335244 
2.748283196015745 -5.15759312321 
2.708138431168481 -5.15759312321 
2.708138431168481 -7.73638968481 
2.5995839606235833 -7.74638968481 
2.5995839606235833 -10.3151862464 
2.6820446374033335 -10.3251862464 
2.6820446374033335 -12.5501432665 
2.7437002605744985 -12.560143266499999 
2.7437002605744985 -15.1289398281 
2.723193873741725 -15.1389398281 
2.723193873741725 -17.7077363897 
2.691554112243831 -17.7177363897 
2.691554112243831 -20.2865329513 
2.750756842628458 -20.2965329513 
2.750756842628458 -22.5214899713 
2.8277661422921994 -22.541489971300003 
2.8277661422921994 -30.0859598854 
2.9417325456180827 -30.095959885400003 
2.9417325456180827 -32.664756447 
2.985763816974755 -32.664756447 
2.985763816974755 -32.8366762178 
3.039675131728966 -32.8366762178 
3.039675131728966 -35.0716332378 
3.076303689698551 -35.0816332378 
3.076303689698551 -37.6504297994 
3.1669740367207337 -37.6604297994 
3.1669740367207337 -40.0573065903 
3.2870909385977196 -40.0673065903 
3.2870909385977196 -42.3 
