SJPY
-56.1 -25.0
42.5
2.7493011384970805 -1.04739900581 
2.7493011384970805 -2.78652944059 
2.7486250721609142 -2.80725337814 
2.7486250721609142 -5.31989077925 
2.748222499480854 -5.31989077925 
2.748222499480854 -5.53497164461 
2.7724738686994375 -5.53497164461 
2.7724738686994375 -7.46733879437 
2.827870722071964 -7.46733879437 
2.827870722071964 -8.04592872646 
2.809219700477465 -8.04592872646 
2.809219700477465 -10.1709724848 
2.741071565320731 -10.1809724848 
2.741071565320731 -12.6785689281 
2.7254138658869014 -12.6785689281 
2.7254138658869014 -12.8712455367 
2.714156474174913 -12.8712455367 
2.714156474174913 -15.1895260099 
2.778393997812472 -15.1895260099 
2.778393997812472 -15.3922845341 
2.841183022252582 -15.3922845341 
2.841183022252582 -17.7100049009 
2.8711112416265565 -17.712805433 
2.8711112416265565 -20.4181194427 
2.8938198019499994 -20.4281194427 
2.8938198019499994 -22.9318770566 
2.9569991134954687 -22.941877056600003 
2.9569991134954687 -25.2546383813 
2.9499868326152434 -25.2546383813 
2.9499868326152434 -27.766715676 
2.9693566839011956 -27.7683959952 
2.9693566839011956 -30.0866764685 
2.9358577977265945 -30.0866764685 
2.9358577977265945 -30.276552545 
2.9045269804681304 -30.276552545 
2.9045269804681304 -32.5953931247 
2.9115644632230797 -32.5953931247 
2.9115644632230797 -32.7897500525 
2.9239271043771637 -32.7897500525 
2.9239271043771637 -35.1091507386 
2.98588694885751 -35.1091507386 
2.98588694885751 -35.3091087307 
3.036935967148924 -35.3091087307 
3.036935967148924 -37.6273892039 
3.0561342550885393 -37.6273892039 
3.0561342550885393 -37.823426451 
3.084220857358126 -37.823426451 
3.084220857358126 -40.1428271372 
3.139186112366724 -40.1428271372 
3.139186112366724 -40.3416649163 
3.1889626889683824 -40.3416649163 
3.1889626889683824 -42.4672687811 
