TUNG
-70.21467 -33.836
50.0
2.7490516735972275 -0.516129032258 
2.7490516735972275 -4.64516129032 
2.7484059203210203 -4.64516129032 
2.7484059203210203 -4.65516129032 
2.636544882231766 -4.65516129032 
2.636544882231766 -9.8064516129 
2.9009029786350204 -9.8164516129 
2.9009029786350204 -14.7096774194 
2.8739402765141455 -14.7096774194 
2.8739402765141455 -14.9677419355 
2.8356418947594104 -14.9677419355 
2.8356418947594104 -20.1290322581 
2.892834988210774 -20.139032258100002 
2.892834988210774 -24.5161290323 
2.869131484556032 -24.526129032300002 
2.869131484556032 -29.935483871 
3.027688788893344 -29.945483871 
3.027688788893344 -34.5806451613 
2.8437017928320607 -34.590645161299996 
2.8437017928320607 -39.4838709677 
2.8726244698429615 -39.4838709677 
2.8726244698429615 -40.0 
2.894113617994784 -40.0 
2.894113617994784 -44.1290322581 
2.9302208715848312 -44.1290322581 
2.9302208715848312 -44.6451612903 
2.9759018614536563 -44.6451612903 
2.9759018614536563 -49.5483870968 
3.241619730693355 -49.5483870968 
3.241619730693355 -49.8064516129 
3.4993567418929317 -49.8064516129 
3.4993567418929317 -50.0 
