VISA
-68.515 -33.473
55.0
2.590712761560997 -0.514800514801 
2.590712761560997 -10.296010296 
2.6669287543886466 -10.296010296 
2.6669287543886466 -10.8108108108 
3.0525486801030834 -10.8108108108 
3.0525486801030834 -14.9292149292 
3.12637515539247 -14.9292149292 
3.12637515539247 -15.1866151866 
3.2058787991137754 -15.1866151866 
3.2058787991137754 -20.0772200772 
3.312713752678101 -20.0872200772 
3.312713752678101 -24.453024453 
3.1447060523314323 -24.453024453 
3.1447060523314323 -24.7104247104 
2.9718850047462455 -24.7104247104 
2.9718850047462455 -30.1158301158 
2.885148866049404 -30.125830115800003 
2.885148866049404 -34.749034749 
2.9231463536250613 -34.749034749 
2.9231463536250613 -35.0064350064 
2.956871776825064 -35.0064350064 
2.956871776825064 -39.897039897 
2.983085798649594 -39.897039897 
2.983085798649594 -40.1544401544 
3.016127551950924 -40.1544401544 
3.016127551950924 -44.5302445302 
3.0825418612207693 -44.5302445302 
3.0825418612207693 -44.7876447876 
3.140616747437935 -44.7876447876 
3.140616747437935 -49.9356499356 
3.1145370939101373 -49.9356499356 
3.1145370939101373 -50.1930501931 
3.0881672189631857 -50.1930501931 
3.0881672189631857 -55.0 
