GETA
33.24 -2.87
35.0
2.749502314846022 0.0 
2.749502314846022 -2.6504576259344645 
2.7487137942967177 -2.6784042478865366 
2.7487137942967177 -4.858240760148117 
2.748325267037436 -4.858240760148117 
2.748325267037436 -5.2796758191853534 
2.7413505824361137 -5.2796758191853534 
2.7413505824361137 -7.6774959826730935 
2.621099708461877 -7.687495982673093 
2.621099708461877 -9.841682386641512 
2.648783332709867 -9.841682386641512 
2.648783332709867 -10.069726821770416 
2.6848816780595715 -10.069726821770416 
2.6848816780595715 -12.687766366240478 
2.7584589216405337 -12.687766366240478 
2.7584589216405337 -12.926989450150213 
2.826975948745956 -12.926989450150213 
2.826975948745956 -15.32480961363795 
2.870070701452799 -15.32480961363795 
2.870070701452799 -15.556207643401098 
2.9099861550262274 -15.556207643401098 
2.9099861550262274 -17.51694263955844 
2.922199602700947 -17.52029623419269 
2.922199602700947 -20.35296583525466 
2.9656219182728147 -20.36079088940124 
2.9656219182728147 -22.975476839237057 
2.994520270242344 -22.979948298749388 
2.994520270242344 -24.94291902466289 
3.0253916371476524 -24.94291902466289 
3.0253916371476524 -25.386711381261787 
3.0522634789720926 -25.386711381261787 
3.0522634789720926 -28.00251519597568 
3.1240971762961696 -28.012575979878424 
3.1240971762961696 -30.192412492140004 
3.165752076019023 -30.198001816530418 
3.165752076019023 -32.37783832879201 
3.2417772627622257 -32.37783832879201 
3.2417772627622257 -33.05191085027597 
3.319496226561657 -33.05191085027597 
3.319496226561657 -35.0 
