MONG
23.15 -15.25
40.0
2.7494651875170106 0.0 
2.7494651875170106 -2.649239745114972 
2.7490088113561697 -2.649239745114972 
2.7490088113561697 -2.718339010120431 
2.748598366911916 -2.718339010120431 
2.748598366911916 -5.314124606834955 
2.7766364176376466 -5.324124606834955 
2.7766364176376466 -8.089829044507098 
2.7074601586811617 -8.099829044507098 
2.7074601586811617 -10.195400987597985 
2.6242534231567323 -10.195400987597985 
2.6242534231567323 -10.406610061765619 
2.5483774215938584 -10.406610061765619 
2.5483774215938584 -13.003699418197222 
2.7676420502782575 -13.04020469027558 
2.7676420502782575 -15.635990286990108 
2.8487624809787504 -15.635990286990108 
2.8487624809787504 -15.898045990124018 
2.9271520013009353 -15.898045990124018 
2.9271520013009353 -17.785890060461853 
2.9945636280638146 -17.785890060461853 
2.9945636280638146 -18.044034484444516 
3.069658988796157 -18.044034484444516 
3.069658988796157 -20.169162823291664 
3.1552893798288983 -20.182200420462507 
3.1552893798288983 -23.24994703476149 
3.10361048696992 -23.24994703476149 
3.10361048696992 -23.259947034761492 
3.055714171534536 -23.259947034761492 
3.055714171534536 -25.59410700607878 
2.9971855498614883 -25.60410700607878 
2.9971855498614883 -27.94608953569857 
2.968572227436942 -27.94608953569857 
2.968572227436942 -28.174247486188285 
2.93985722834837 -28.174247486188285 
2.93985722834837 -30.534052574110582 
3.0055979832715045 -30.534052574110582 
3.0055979832715045 -30.78958947865908 
3.0757726437643176 -30.78958947865908 
3.0757726437643176 -32.91471781750624 
3.1110266694684525 -32.91471781750624 
3.1110266694684525 -33.15982464431805 
3.142483245927524 -33.15982464431805 
3.142483245927524 -35.519629732240354 
3.113154056820541 -35.52962973224035 
3.113154056820541 -38.111504049803614 
3.262751896336017 -38.13236420527696 
3.262751896336017 -40.0 
