MZM
34.03 -11.43
40.0
2.749439510549842 0.0 
2.749439510549842 -2.8023987128857684 
2.7485539912609904 -2.823460582126664 
2.7485539912609904 -5.505338598800645 
2.720741616712438 -5.507678806494077 
2.720741616712438 -7.966066988445224 
2.679860193740377 -7.976066988445224 
2.679860193740377 -10.422114962702942 
2.8605871767637643 -10.432114962702942 
2.8605871767637643 -12.82199795231827 
2.886775551970983 -12.82199795231827 
2.886775551970983 -13.026766125493637 
2.9139847762962923 -13.026766125493637 
2.9139847762962923 -15.708644142167618 
2.840856805591919 -15.729706011408513 
2.840856805591919 -17.964604358636826 
2.8759302179621695 -17.964604358636826 
2.8759302179621695 -18.164692116425336 
2.9173478101037804 -18.164692116425336 
2.9173478101037804 -20.620740090683043 
2.9885030755914066 -20.630740090683044 
2.9885030755914066 -23.058066403393305 
3.039417834621371 -23.058066403393305 
3.039417834621371 -23.251133538101506 
3.0939862571544294 -23.251133538101506 
3.0939862571544294 -28.16556969431037 
3.0520126809030237 -28.177270732777536 
3.0520126809030237 -30.859148749451514 
2.9762712326883447 -30.88021061869241 
2.9762712326883447 -33.336258592950124 
3.1328622491083475 -33.34625859295012 
3.1328622491083475 -35.752523036419475 
3.2180669518383205 -35.752523036419475 
3.2180669518383205 -35.93154892496709 
3.3026245821149396 -35.93154892496709 
3.3026245821149396 -40.0 
