SA14
24.0226 -29.8682
33.0
2.7497535728791522 0.0 
2.7497535728791522 -1.0 
2.749231425203425 -1.01 
2.749231425203425 -3.0 
2.748526313607615 -3.01 
2.748526313607615 -5.5 
2.7677597186773015 -5.51 
2.7677597186773015 -8.0 
2.8296454168368874 -8.01 
2.8296454168368874 -10.5 
2.8529125070294854 -10.51 
2.8529125070294854 -13.0 
2.9112026987912754 -13.01 
2.9112026987912754 -15.5 
2.911635106501681 -15.51 
2.911635106501681 -18.0 
2.8552365780035354 -18.01 
2.8552365780035354 -20.5 
2.922407945550881 -20.51 
2.922407945550881 -23.0 
2.916406122776741 -23.01 
2.916406122776741 -25.5 
2.9559221740651416 -25.51 
2.9559221740651416 -28.0 
2.9911402922094257 -28.01 
2.9911402922094257 -30.5 
3.0482840816717993 -30.51 
3.0482840816717993 -33.0 
