SA31
25.0209 -26.9952
38.0
2.7497535728791522 0.0 
2.7497535728791522 -1.0 
2.749231425203425 -1.01 
2.749231425203425 -3.0 
2.748526313607615 -3.01 
2.748526313607615 -5.5 
2.800506948221308 -5.51 
2.800506948221308 -8.0 
2.912791993102864 -8.01 
2.912791993102864 -10.5 
2.9114108174342292 -10.51 
2.9114108174342292 -13.0 
2.856411397356467 -13.01 
2.856411397356467 -15.5 
2.837505137643602 -15.51 
2.837505137643602 -18.0 
2.866471377097825 -18.01 
2.866471377097825 -20.5 
2.9115118753877183 -20.51 
2.9115118753877183 -23.0 
2.9349006691114616 -23.01 
2.9349006691114616 -25.5 
2.990531368693818 -25.51 
2.990531368693818 -28.0 
3.0171435196160954 -28.01 
3.0171435196160954 -30.5 
3.0666650381995875 -30.51 
3.0666650381995875 -33.0 
3.0855644926885466 -33.01 
3.0855644926885466 -35.5 
3.139802430685158 -35.51 
3.139802430685158 -38.0 
