SA37
23.7212 -25.9705
33.0
2.7497535728791522 0.0 
2.7497535728791522 -1.0 
2.749231425203425 -1.01 
2.749231425203425 -3.0 
2.748526313607615 -3.01 
2.748526313607615 -5.5 
2.748468764044982 -5.51 
2.748468764044982 -8.0 
2.8783275210742154 -8.01 
2.8783275210742154 -10.5 
2.8638277608160854 -10.51 
2.8638277608160854 -13.0 
2.8286592383687013 -13.01 
2.8286592383687013 -15.5 
2.804739586601221 -15.51 
2.804739586601221 -18.0 
2.772844128300095 -18.01 
2.772844128300095 -20.5 
2.7985811107982315 -20.51 
2.7985811107982315 -23.0 
2.828044900412996 -23.01 
2.828044900412996 -25.5 
2.8792793854556478 -25.51 
2.8792793854556478 -28.0 
2.96278702345654 -28.01 
2.96278702345654 -30.5 
3.0843237905912546 -30.51 
3.0843237905912546 -33.0 
