SA38
25.0846 -25.9334
38.0
2.7497535728791522 0.0 
2.7497535728791522 -1.0 
2.749231425203425 -1.01 
2.749231425203425 -3.0 
2.748526313607615 -3.01 
2.748526313607615 -5.5 
2.754102621114252 -5.51 
2.754102621114252 -8.0 
2.7948416258244344 -8.01 
2.7948416258244344 -10.5 
2.8051471543053514 -10.51 
2.8051471543053514 -13.0 
2.7608381083768614 -13.01 
2.7608381083768614 -15.5 
2.758118142222142 -15.51 
2.758118142222142 -18.0 
2.792809993369537 -18.01 
2.792809993369537 -20.5 
2.822648679202086 -20.51 
2.822648679202086 -23.0 
2.9996020478404795 -23.01 
2.9996020478404795 -25.5 
3.032217878716036 -25.51 
3.032217878716036 -28.0 
2.9152495791069026 -28.01 
2.9152495791069026 -30.5 
3.057491041568176 -30.51 
3.057491041568176 -33.0 
3.151005773998505 -33.01 
3.151005773998505 -35.5 
3.2390625815871026 -35.51 
3.2390625815871026 -38.0 
