SA52
28.8975 -23.7983
42.5
2.749784489575231 0.0 
2.749784489575231 -1.0 
2.7492726396559704 -1.01 
2.7492726396559704 -3.0 
2.7485675346658436 -3.01 
2.7485675346658436 -5.5 
2.7014848431145877 -5.51 
2.7014848431145877 -8.0 
2.639228884813473 -8.01 
2.639228884813473 -10.5 
2.688180639580877 -10.51 
2.688180639580877 -13.0 
2.7637536455220455 -13.01 
2.7637536455220455 -15.5 
3.0377466007614458 -15.51 
3.0377466007614458 -18.0 
3.0587783980630783 -18.01 
3.0587783980630783 -20.5 
3.0782232328662116 -20.51 
3.0782232328662116 -23.0 
3.065279628438978 -23.01 
3.065279628438978 -25.5 
3.135163881115699 -25.51 
3.135163881115699 -28.0 
3.072836077100982 -28.01 
3.072836077100982 -30.5 
2.984664465761307 -30.51 
2.984664465761307 -33.0 
3.009972376399154 -33.01 
3.009972376399154 -35.5 
3.136904950385397 -35.51 
3.136904950385397 -38.0 
3.5225005537816902 -38.01 
3.5225005537816902 -40.5 
3.441318733478558 -40.51 
3.441318733478558 -42.5 
