SWZ
25.3317 -27.1823
38.0
2.749784489575231 0.0 
2.749784489575231 -1.0 
2.7492726396559704 -1.01 
2.7492726396559704 -3.0 
2.7485675346658436 -3.01 
2.7485675346658436 -5.5 
2.759319567906021 -5.51 
2.759319567906021 -8.0 
2.823265028768819 -8.01 
2.823265028768819 -10.5 
2.8132598522233083 -10.51 
2.8132598522233083 -13.0 
2.7364070943078698 -13.01 
2.7364070943078698 -15.5 
2.8381021201233247 -15.51 
2.8381021201233247 -18.0 
2.834750828676264 -18.01 
2.834750828676264 -20.5 
2.8654814508475726 -20.51 
2.8654814508475726 -23.0 
2.854946519000286 -23.01 
2.854946519000286 -25.5 
2.965354311706404 -25.51 
2.965354311706404 -28.0 
2.94284803775841 -28.01 
2.94284803775841 -30.5 
3.0484704898776736 -30.51 
3.0484704898776736 -33.0 
3.156856309149137 -33.01 
3.156856309149137 -35.5 
3.236619701908899 -35.51 
3.236619701908899 -38.0 
