TETE
33.57 -16.13
38.0
2.749460842574312 0.0 
2.749460842574312 -2.675099797812223 
2.7489894060308018 -2.675099797812223 
2.7489894060308018 -2.81403908963658 
2.748581700568211 -2.81403908963658 
2.748581700568211 -5.3273886671159705 
2.816336201848265 -5.33738866711597 
2.816336201848265 -8.23059775001296 
2.5992652918685826 -8.24059775001296 
2.5992652918685826 -10.621597801855978 
2.7077219491536764 -10.621597801855978 
2.7077219491536764 -10.76468453522733 
2.818902919403087 -10.76468453522733 
2.818902919403087 -12.859142516460155 
2.8520941559206316 -12.859142516460155 
2.8520941559206316 -13.04785110684846 
2.8860368733795685 -13.04785110684846 
2.8860368733795685 -15.351754886204565 
2.9588474741659305 -15.351754886204565 
2.9588474741659305 -15.5197262688579 
3.0315950441382102 -15.5197262688579 
3.0315950441382102 -17.821556327440504 
3.064756652176513 -17.821556327440504 
3.064756652176513 -18.01441235937581 
3.092316488078247 -18.01441235937581 
3.092316488078247 -20.737207734978483 
3.064100558928855 -20.74550261807248 
3.064100558928855 -23.04733267665508 
3.0540451569886344 -23.049406397428584 
3.0540451569886344 -25.564829695681475 
3.079296223749287 -25.574829695681476 
3.079296223749287 -28.069884390066875 
3.171605708166074 -28.079884390066876 
3.171605708166074 -30.55834931826429 
3.136138666961764 -30.566644201358287 
3.136138666961764 -33.08206749961118 
3.284819507785694 -33.092067499611176 
3.284819507785694 -35.76546218051739 
3.1346022664106514 -35.77546218051739 
3.1346022664106514 -38.0 
