ID1694
119.23 -20.75
27.0
2.74895781212784 -0.0 
2.74895781212784 -7.0 
2.7718483616056386 -7.01 
2.7718483616056386 -10.5 
2.7722509107548157 -10.51 
2.7722509107548157 -13.0 
2.832709733247606 -13.01 
2.832709733247606 -15.0 
2.842661371608537 -15.01 
2.842661371608537 -17.0 
2.8559477706726017 -17.01 
2.8559477706726017 -19.0 
2.8783095981788778 -19.01 
2.8783095981788778 -20.5 
2.893497776329009 -20.51 
2.893497776329009 -21.5 
2.909279820227619 -21.51 
2.909279820227619 -22.5 
2.925210754950469 -22.51 
2.925210754950469 -23.5 
2.9455568662611378 -23.51 
2.9455568662611378 -24.5 
2.965690007984483 -24.51 
2.965690007984483 -27.0 
