ID1665
134.85 -19.83
49.0
2.74968079383665 -0.0 
2.74968079383665 -1.4 
2.748943497074685 -1.41 
2.748943497074685 -4.4 
2.748231882351033 -4.41 
2.748231882351033 -6.1 
2.747908902598376 -6.109999999999999 
2.747908902598376 -6.7 
2.6752516382729397 -6.71 
2.6752516382729397 -7.3 
2.7880045615216953 -7.31 
2.7880045615216953 -7.95 
2.802358141781697 -7.96 
2.802358141781697 -8.6 
2.6645721567923415 -8.61 
2.6645721567923415 -10.35 
2.6635994595961265 -10.36 
2.6635994595961265 -12.15 
2.7943441082545237 -12.16 
2.7943441082545237 -12.8 
2.8023828947484994 -12.81 
2.8023828947484994 -13.4 
2.706571715801071 -13.41 
2.706571715801071 -17.25 
2.7055385071046225 -17.25 
2.7055385071046225 -17.26 
2.7008202831800014 -17.26 
2.7008202831800014 -24.0 
3.029801644416696 -24.01 
3.029801644416696 -33.5 
3.2351049153316906 -33.51 
3.2351049153316906 -43.75 
3.2858062921451983 -43.76 
3.2858062921451983 -49.0 
