ID2398
-91.78 39.58
42.1
2.749853536528716 -0.0 
2.749853536528716 -0.5 
2.7494477997999667 -0.51 
2.7494477997999667 -2.2 
2.7551321398907285 -2.21 
2.7551321398907285 -10.7 
2.7986606385779105 -10.709999999999999 
2.7986606385779105 -18.9 
2.8979034791144054 -18.91 
2.8979034791144054 -22.7 
2.9233937389051676 -22.71 
2.9233937389051676 -26.1 
2.9971657492316575 -26.110000000000003 
2.9971657492316575 -31.8 
3.1155639532311876 -31.810000000000002 
3.1155639532311876 -39.1 
3.3362934783859015 -39.11 
3.3362934783859015 -42.1 
