ID2367
34.33 28.01
26.74
2.748952030576406 -0.0 
2.748952030576406 -5.86 
2.8121079950202974 -5.87 
2.8121079950202974 -11.72 
2.904685271090456 -11.73 
2.904685271090456 -16.89 
2.9826015714482987 -16.900000000000002 
2.9826015714482987 -22.06 
3.0144890584363644 -22.07 
3.0144890584363644 -22.54 
3.033675214276336 -22.54 
3.033675214276336 -22.55 
3.0566582858037687 -22.55 
3.0566582858037687 -23.02 
3.0783051867049034 -23.03 
3.0783051867049034 -23.5 
3.1219655054768176 -23.51 
3.1219655054768176 -24.35 
3.1682517097327234 -24.360000000000003 
3.1682517097327234 -25.25 
3.2046363744153226 -25.25 
3.2046363744153226 -25.26 
3.235333467773556 -25.26 
3.235333467773556 -25.78 
3.2619032333600293 -25.790000000000003 
3.2619032333600293 -26.26 
3.369939701580325 -26.270000000000003 
3.369939701580325 -26.74 
