ID2438
9.13 50.24
25.5
2.7497535728791522 -0.0 
2.7497535728791522 -1.0 
2.749231425203425 -1.01 
2.749231425203425 -3.0 
2.748600258485795 -3.01 
2.748600258485795 -5.0 
2.748337519114637 -5.01 
2.748337519114637 -7.0 
2.7847948826227658 -7.01 
2.7847948826227658 -12.0 
2.6020651829103225 -12.01 
2.6020651829103225 -18.0 
2.8377362420315646 -18.01 
2.8377362420315646 -19.0 
2.867028208949313 -19.01 
2.867028208949313 -20.0 
2.603944307435894 -20.01 
2.603944307435894 -24.0 
3.2619678671590773 -24.01 
3.2619678671590773 -25.5 
