ID2463
7.59 49.99
29.5
2.74996634576106 -0.0 
2.74996634576106 -0.15 
2.7498115581446845 -0.16 
2.7498115581446845 -0.45 
2.7497564283452007 -0.45 
2.7497564283452007 -0.46 
2.7496003157623883 -0.46 
2.7496003157623883 -1.35 
2.7487088083417324 -1.36 
2.7487088083417324 -6.0 
2.757718027214916 -6.01 
2.757718027214916 -15.8 
2.950003164006218 -15.81 
2.950003164006218 -17.0 
2.8670676193355935 -17.01 
2.8670676193355935 -22.2 
2.9673523311133065 -22.21 
2.9673523311133065 -23.7 
2.8530816843277496 -23.71 
2.8530816843277496 -29.5 
