ID7504
117.39 40.4
29.8
2.7497535728791522 -0.0 
2.7497535728791522 -1.0 
2.7493960919422076 -1.01 
2.7493960919422076 -2.0 
2.7490189837560695 -2.01 
2.7490189837560695 -3.3 
2.7308910732868803 -3.3099999999999996 
2.7308910732868803 -9.2 
2.533787848677946 -9.209999999999999 
2.533787848677946 -14.9 
2.4192619006820912 -14.91 
2.4192619006820912 -21.9 
2.862461559854839 -21.91 
2.862461559854839 -27.9 
3.0099099682935924 -27.91 
3.0099099682935924 -28.9 
3.249129571344911 -28.91 
3.249129571344911 -29.8 
