ID1665
134.85 -19.83
49.0
2.6126551811205765 -0.0 
2.6126551811205765 -1.4 
2.7296543265272235 -1.4001 
2.7296543265272235 -4.4 
2.7610011219199992 -4.4001 
2.7610011219199992 -6.1 
2.6652405839843762 -6.100099999999999 
2.6652405839843762 -6.7 
2.669194327535565 -6.7001 
2.669194327535565 -7.3 
2.7632951687642704 -7.3001 
2.7632951687642704 -7.95 
2.7679053920260377 -7.9501 
2.7679053920260377 -8.6 
2.6955644269400016 -8.6001 
2.6955644269400016 -10.35 
2.6997260030574592 -10.3501 
2.6997260030574592 -12.15 
2.7725451660156253 -12.1501 
2.7725451660156253 -12.8 
2.777214540939216 -12.8001 
2.777214540939216 -13.4 
2.727469900533127 -13.4001 
2.727469900533127 -17.25 
2.7318459938669557 -17.2501 
2.7318459938669557 -24.0 
2.9256003332631275 -24.0001 
2.9256003332631275 -33.5 
3.0578039585800023 -33.5001 
3.0578039585800023 -43.75 
3.089133741440003 -43.7501 
3.089133741440003 -49.0 
3.348605268433315 -49.0 
