ID1694
119.23 -20.75
27.0
2.745148643872505 -0.0 
2.745148643872505 -7.0 
2.751898530871707 -7.0001 
2.751898530871707 -10.5 
2.75871444219145 -10.5001 
2.75871444219145 -13.0 
2.7961889222318757 -13.0001 
2.7961889222318757 -15.0 
2.8034271066895817 -15.0001 
2.8034271066895817 -17.0 
2.81318245961186 -17.0001 
2.81318245961186 -19.0 
2.8280396101828575 -19.0001 
2.8280396101828575 -20.5 
2.8380939365435363 -20.5001 
2.8380939365435363 -21.5 
2.8482679563616258 -21.5001 
2.8482679563616258 -22.5 
2.858561650560004 -22.5001 
2.858561650560004 -23.5 
2.871596949580625 -23.5001 
2.871596949580625 -24.5 
2.884818883420002 -24.5001 
2.884818883420002 -27.0 
3.3449619501743753 -27.0 
