ID186
-76.66 1.61
66.1
2.618050187499999 -0.0 
2.618050187499999 -3.0 
2.6364400025599988 -3.0001 
2.6364400025599988 -6.1 
2.727469900533127 -6.100099999999999 
2.727469900533127 -12.35 
2.777214540939216 -12.3501 
2.777214540939216 -21.25 
2.7725451660156253 -21.2501 
2.7725451660156253 -25.0 
2.7252927049836533 -25.0001 
2.7252927049836533 -27.7 
2.727469900533127 -27.7001 
2.727469900533127 -29.5 
2.945201103806254 -29.5001 
2.945201103806254 -31.8 
2.9738251410259404 -31.8001 
2.9738251410259404 -43.0 
2.7961889222318757 -43.0001 
2.7961889222318757 -52.05 
3.033241583238102 -52.0501 
3.033241583238102 -59.05 
3.04854044971652 -59.0501 
3.04854044971652 -66.1 
3.1871788764199978 -66.1 
