ID2428
-67.67 54.49
38.1
2.5472099839633406 -0.0 
2.5472099839633406 -0.5 
2.7541631543952847 -0.5001 
2.7541631543952847 -2.8 
2.770221581952611 -2.8001 
2.770221581952611 -4.6 
2.618050187499999 -4.600099999999999 
2.618050187499999 -6.0 
2.7795603434027 -6.0001 
2.7795603434027 -9.6 
2.7842742055800005 -9.6001 
2.7842742055800005 -14.2 
2.8533998473465423 -14.200099999999999 
2.8533998473465423 -21.0 
2.884818883420002 -21.0001 
2.884818883420002 -32.1 
3.0986668198435985 -32.100100000000005 
3.0986668198435985 -38.1 
3.426408831569341 -38.1 
