CPSM
45.15 -25.5358
33.0
2.749781271827324 0.0 
2.749781271827324 -1.0182767624 
2.7492734041921767 -1.0282767624 
2.7492734041921767 -2.97650130548 
2.748573605667031 -2.9865013054799996 
2.748573605667031 -5.48302872063 
2.675607060313129 -5.49302872063 
2.675607060313129 -7.91122715405 
2.709912130015354 -7.91122715405 
2.709912130015354 -7.98955613577 
2.851083976319442 -7.98955613577 
2.851083976319442 -10.4960835509 
2.969636583864581 -10.5060835509 
2.969636583864581 -13.0026109661 
2.9319086827623133 -13.0126109661 
2.9319086827623133 -15.5091383812 
2.78984407998163 -15.5191383812 
2.78984407998163 -18.0156657963 
2.9332330173780523 -18.0256657963 
2.9332330173780523 -20.5221932115 
2.864800282988987 -20.5321932115 
2.864800282988987 -22.9503916449 
2.869541785840752 -22.960391644900003 
2.869541785840752 -25.5352480418 
2.9253449148142763 -25.5452480418 
2.9253449148142763 -27.9634464752 
3.194012515203444 -28.0417754569 
3.194012515203444 -30.4699738903 
3.217632098245735 -30.479973890300002 
3.217632098245735 -32.9765013055 
