FOMA
46.978877 -24.97565
35.5
2.749753093782933 0.0 
2.749753093782933 -1.00257069409 
2.7492297440605453 -1.0125706940900001 
2.7492297440605453 -3.00771208226 
2.7485287272631203 -3.0177120822599997 
2.7485287272631203 -5.47557840617 
2.7160956291730334 -5.48557840617 
2.7160956291730334 -10.4884318766 
2.8069917065705567 -10.4984318766 
2.8069917065705567 -12.9562982005 
2.953486806792892 -12.966298200499999 
2.953486806792892 -17.969151671 
3.099142319474882 -17.979151671 
3.099142319474882 -20.4370179949 
3.0480919695248256 -20.4370179949 
3.0480919695248256 -20.5141388175 
3.00980043502689 -20.5141388175 
3.00980043502689 -22.9820051414 
2.9424819596067917 -22.9920051414 
2.9424819596067917 -25.4498714653 
3.0134653017073028 -25.4498714653 
3.0134653017073028 -25.4598714653 
3.072598460399924 -25.4598714653 
3.072598460399924 -27.9177377892 
3.1113697742610955 -27.927737789200002 
3.1113697742610955 -30.4627249357 
3.1268684505507314 -30.4727249357 
3.1268684505507314 -33.0077120823 
3.1946647422653243 -33.0177120823 
3.1946647422653243 -35.4755784062 
