MS07
44.8289 -22.8124
30.5
2.7497652836447894 0.0 
2.7497652836447894 -0.9375 
2.749414524075288 -0.9475 
2.749414524075288 -1.953125 
2.7490683334662482 -2.03125 
2.7490683334662482 -2.96875 
2.7487585796123453 -2.97875 
2.7487585796123453 -3.984375 
2.7484515396115894 -3.994375 
2.7484515396115894 -5.0 
2.7481575082541942 -5.01 
2.7481575082541942 -6.015625 
2.747945411757684 -6.025625 
2.747945411757684 -6.953125 
2.7479054419463247 -6.963125 
2.7479054419463247 -7.96875 
2.7003463016666958 -8.046875 
2.7003463016666958 -8.984375 
2.7618907565791555 -8.994375 
2.7618907565791555 -12.96875 
2.662434308623519 -12.97875 
2.662434308623519 -15.46875 
2.7230058382334703 -15.47875 
2.7230058382334703 -17.96875 
2.784481752645372 -17.97875 
2.784481752645372 -20.546875 
2.7770701424042668 -20.546875 
2.7770701424042668 -20.556875 
2.7721952872735316 -20.556875 
2.7721952872735316 -22.96875 
2.999846578629147 -22.97875 
2.999846578629147 -25.46875 
3.129251228006784 -25.47875 
3.129251228006784 -27.96875 
3.2354838833408857 -27.97875 
3.2354838833408857 -30.46875 
