MS12
45.915 -22.4374
38.0
2.7497630834283298 0.059383059739 
2.7497630834283298 -1.02589354928 
2.74922099585338 -1.02911135055 
2.74922099585338 -3.04462505302 
2.748527412102769 -3.04901296384 
2.748527412102769 -5.45212545525 
2.7551811816370333 -5.45709842084 
2.7551811816370333 -7.93773067003 
2.7810306112515457 -7.93890077959 
2.7810306112515457 -10.574280017 
2.8183298501309975 -10.5763277087 
2.8183298501309975 -12.9794402001 
2.8414730423076358 -12.9806103096 
2.8414730423076358 -15.4612425588 
2.914542379216552 -15.5419801179 
2.914542379216552 -17.9450926093 
2.9841900389834835 -17.9450926093 
2.9841900389834835 -17.9512356844 
3.063274623175798 -17.9512356844 
3.063274623175798 -20.5096802188 
3.0877777557726733 -20.510557801 
3.0877777557726733 -22.9136702924 
2.9449754496011367 -22.9236702924 
2.9449754496011367 -25.4659717516 
2.877518155019566 -25.475971751600003 
2.877518155019566 -27.9442637817 
2.963416685340022 -27.9477741104 
2.963416685340022 -30.5059261173 
3.0694957246093266 -30.5159261173 
3.0694957246093266 -32.99065375 
3.1941259030223326 -32.9953341882 
3.1941259030223326 -35.4759664374 
3.2516467987863735 -35.4780141291 
3.2516467987863735 -37.9586463783 
