ZAKA
48.423 -17.8471
43.0
2.749762333991332 0.0201221764214 
2.749762333991332 -0.9796188673 
2.7495617430594583 -0.9796188673 
2.7495617430594583 -1.05195681798 
2.7492159996359424 -1.05195681798 
2.7492159996359424 -3.05194832761 
2.7485063944223285 -3.12861636689 
2.7485063944223285 -5.51296691727 
2.7361448250838065 -5.52296691727 
2.7361448250838065 -8.04887056856 
2.7339788007293415 -8.04887056856 
2.7339788007293415 -8.05887056856 
2.7423126579724073 -8.05887056856 
2.7423126579724073 -10.5091250249 
2.8766278992082257 -10.5191250249 
2.8766278992082257 -13.0414627209 
2.92911560761844 -13.0414627209 
2.92911560761844 -13.0514627209 
2.9886450874713795 -13.0514627209 
2.9886450874713795 -15.4212284716 
2.9420262637114294 -15.4230114493 
2.9420262637114294 -17.9617169226 
2.9729682590717657 -17.971716922600002 
2.9729682590717657 -20.4986394182 
3.0577516579473647 -20.5086394182 
3.0577516579473647 -22.9566014748 
3.037447421936153 -22.9573656081 
3.037447421936153 -25.4958163703 
2.9776690603217957 -25.4981087701 
2.9776690603217957 -28.0365595324 
3.073668897559938 -28.0465595324 
3.073668897559938 -30.4942668778 
3.0427036251946395 -30.4952857222 
3.0427036251946395 -32.9570684451 
3.054351712278181 -32.9670684451 
3.054351712278181 -35.4950097852 
3.06945352036013 -35.505009785199995 
3.06945352036013 -37.9557736637 
3.0537703867358243 -37.9562830859 
3.0537703867358243 -40.4947338481 
3.1443835040105372 -40.4947338481 
3.1443835040105372 -40.562232288 
3.322141717539834 -40.562232288 
3.322141717539834 -42.9468375495 
3.3242738397794893 -42.9468375495 
3.3242738397794893 -43.0 
