B2NU
-73.1966 68.9216
44.0
2.7495756790182533 0.0 
2.7495756790182533 -2.0 
2.7489106400357235 -2.00001 
2.7489106400357235 -4.0 
2.748305917115266 -4.00001 
2.748305917115266 -6.0 
2.801540433652088 -6.00001 
2.801540433652088 -8.0 
2.773326845609751 -8.00001 
2.773326845609751 -10.0 
2.807978225653224 -10.01 
2.807978225653224 -12.0 
2.879230953113073 -12.01 
2.879230953113073 -14.0 
2.872747152889485 -14.01 
2.872747152889485 -16.0 
2.882704475642613 -16.01 
2.882704475642613 -18.0 
2.9136309956929223 -18.01 
2.9136309956929223 -20.0 
2.92964449496737 -20.01 
2.92964449496737 -22.0 
2.942061462235855 -22.01 
2.942061462235855 -24.0 
2.9333837046416535 -24.01 
2.9333837046416535 -26.0 
2.992972720822023 -26.01 
2.992972720822023 -28.0 
3.06385526466098 -28.01 
3.06385526466098 -30.0 
3.1036108270770333 -30.01 
3.1036108270770333 -32.0 
3.1091620874340515 -32.01 
3.1091620874340515 -34.0 
3.112115520419359 -34.01 
3.112115520419359 -36.0 
3.11012371359272 -36.01 
3.11012371359272 -38.0 
3.201438915183567 -38.01 
3.201438915183567 -40.0 
3.308837062151232 -40.01 
3.308837062151232 -42.0 
3.4570865877777397 -42.01 
3.4570865877777397 -44.0 
