CMBN
-64.44806 65.68613
34.0
2.7495756790182533 0.0 
2.7495756790182533 -2.0 
2.7489106400357235 -2.00001 
2.7489106400357235 -4.0 
2.748305917115266 -4.00001 
2.748305917115266 -6.0 
2.695997778851217 -6.00001 
2.695997778851217 -8.0 
2.7649306389472987 -8.00001 
2.7649306389472987 -10.0 
2.7901841578854873 -10.01 
2.7901841578854873 -12.0 
2.7671851921433093 -12.01 
2.7671851921433093 -14.0 
2.761664637169295 -14.01 
2.761664637169295 -16.0 
2.7830054203195855 -16.01 
2.7830054203195855 -18.0 
2.8310470882437238 -18.01 
2.8310470882437238 -20.0 
2.8841986627374894 -20.01 
2.8841986627374894 -22.0 
2.9269697168539084 -22.01 
2.9269697168539084 -24.0 
2.9923320860061646 -24.01 
2.9923320860061646 -26.0 
3.0925666632695465 -26.01 
3.0925666632695465 -28.0 
3.160852744256607 -28.01 
3.160852744256607 -30.0 
3.2384704836911826 -30.01 
3.2384704836911826 -32.0 
3.3753353195847677 -32.01 
3.3753353195847677 -34.0 
