DORN
-76.530502 64.229942
38.0
2.7495756790182533 0.0 
2.7495756790182533 -2.0 
2.7489106400357235 -2.00001 
2.7489106400357235 -4.0 
2.748305917115266 -4.00001 
2.748305917115266 -6.0 
2.8452584253752726 -6.00001 
2.8452584253752726 -8.0 
2.8542328136284687 -8.00001 
2.8542328136284687 -10.0 
2.875667979475265 -10.01 
2.875667979475265 -12.0 
2.9266542039065433 -12.01 
2.9266542039065433 -14.0 
2.890658841833872 -14.01 
2.890658841833872 -16.0 
2.9093917225843167 -16.01 
2.9093917225843167 -18.0 
2.9611480930657 -18.01 
2.9611480930657 -20.0 
2.9949076301587256 -20.01 
2.9949076301587256 -22.0 
2.9719884662677267 -22.01 
2.9719884662677267 -24.0 
2.982396661427152 -24.01 
2.982396661427152 -26.0 
3.0035436088566563 -26.01 
3.0035436088566563 -28.0 
3.0047610867818815 -28.01 
3.0047610867818815 -30.0 
3.0685032096716744 -30.01 
3.0685032096716744 -32.0 
3.129525837040392 -32.01 
3.129525837040392 -34.0 
3.2040755590735066 -34.01 
3.2040755590735066 -36.0 
3.3561563597113135 -36.01 
3.3561563597113135 -38.0 
