KIMN
-69.879456 62.850731
50.0
2.749611743970638 0.0 
2.749611743970638 -2.0 
2.748951857140705 -2.00001 
2.748951857140705 -4.0 
2.7483471407528617 -4.00001 
2.7483471407528617 -6.0 
2.866783270034576 -6.00001 
2.866783270034576 -8.0 
2.9811864418736604 -8.00001 
2.9811864418736604 -10.0 
2.9166714498461213 -10.01 
2.9166714498461213 -12.0 
2.9598809964375477 -12.01 
2.9598809964375477 -14.0 
2.973414560762017 -14.01 
2.973414560762017 -16.0 
3.000783522925388 -16.01 
3.000783522925388 -18.0 
3.0217974058597648 -18.01 
3.0217974058597648 -20.0 
3.007459505678973 -20.01 
3.007459505678973 -22.0 
3.010306326397148 -22.01 
3.010306326397148 -24.0 
3.0588436769588547 -24.01 
3.0588436769588547 -26.0 
3.060845641154893 -26.01 
3.060845641154893 -28.0 
3.043884656419615 -28.01 
3.043884656419615 -30.0 
3.0964115560391776 -30.01 
3.0964115560391776 -32.0 
3.1706532754931134 -32.01 
3.1706532754931134 -34.0 
3.233540834928822 -34.01 
3.233540834928822 -36.0 
3.24004368363511 -36.01 
3.24004368363511 -38.0 
3.2283423788621133 -38.01 
3.2283423788621133 -40.0 
3.2401670311486384 -40.01 
3.2401670311486384 -42.0 
3.2732436842966677 -42.01 
3.2732436842966677 -44.0 
3.339343834346427 -44.01 
3.339343834346427 -46.0 
3.432369765776613 -46.01 
3.432369765776613 -48.0 
3.5827056936960253 -48.01 
3.5827056936960253 -50.0 
