KJKQ
-77.74548 55.27687
48.0
2.749611743970638 0.0 
2.749611743970638 -2.0 
2.748951857140705 -2.00001 
2.748951857140705 -4.0 
2.7483471407528617 -4.00001 
2.7483471407528617 -6.0 
2.8589652914867214 -6.00001 
2.8589652914867214 -8.0 
2.958993852039852 -8.00001 
2.958993852039852 -10.0 
2.898559661383255 -10.01 
2.898559661383255 -12.0 
2.89708990687354 -12.01 
2.89708990687354 -14.0 
2.916279669836806 -14.01 
2.916279669836806 -16.0 
2.9032207908535286 -16.01 
2.9032207908535286 -18.0 
2.8940384783650863 -18.01 
2.8940384783650863 -20.0 
2.900507424145371 -20.01 
2.900507424145371 -22.0 
2.914112313867636 -22.01 
2.914112313867636 -24.0 
2.936629335735304 -24.01 
2.936629335735304 -26.0 
2.9524123982957997 -26.01 
2.9524123982957997 -28.0 
2.9885858611185756 -28.01 
2.9885858611185756 -30.0 
2.998050069268197 -30.01 
2.998050069268197 -32.0 
3.0223155244038575 -32.01 
3.0223155244038575 -34.0 
3.0718434505079553 -34.01 
3.0718434505079553 -36.0 
3.1149806297197773 -36.01 
3.1149806297197773 -38.0 
3.1621766221670824 -38.01 
3.1621766221670824 -40.0 
3.217617649297186 -40.01 
3.217617649297186 -42.0 
3.2834211670248727 -42.01 
3.2834211670248727 -44.0 
3.3718604679162754 -44.01 
3.3718604679162754 -46.0 
3.468667423943661 -46.01 
3.468667423943661 -48.0 
