KRSQ
-69.99115 60.02204
50.0
2.749611743970638 0.0 
2.749611743970638 -2.0 
2.748951857140705 -2.00001 
2.748951857140705 -4.0 
2.7483471407528617 -4.00001 
2.7483471407528617 -6.0 
2.806421724146629 -6.00001 
2.806421724146629 -8.0 
2.8558519166361744 -8.00001 
2.8558519166361744 -10.0 
2.790167561971427 -10.01 
2.790167561971427 -12.0 
2.7881317358575792 -12.01 
2.7881317358575792 -14.0 
2.8540734601815756 -14.01 
2.8540734601815756 -16.0 
2.8768369000627785 -16.01 
2.8768369000627785 -18.0 
2.91178030851261 -18.01 
2.91178030851261 -20.0 
2.995688250559864 -20.01 
2.995688250559864 -22.0 
3.0992195970984584 -22.01 
3.0992195970984584 -24.0 
3.1546405949858367 -24.01 
3.1546405949858367 -26.0 
3.1571454033899533 -26.01 
3.1571454033899533 -28.0 
3.166757062218615 -28.01 
3.166757062218615 -30.0 
3.2051879101999656 -30.01 
3.2051879101999656 -32.0 
3.219127940898857 -32.01 
3.219127940898857 -34.0 
3.283538378770043 -34.01 
3.283538378770043 -36.0 
3.3551841298337046 -36.01 
3.3551841298337046 -38.0 
3.347004429785306 -38.01 
3.347004429785306 -40.0 
3.347054329849374 -40.01 
3.347054329849374 -42.0 
3.4004402073478732 -42.01 
3.4004402073478732 -44.0 
3.4527040016933768 -44.01 
3.4527040016933768 -46.0 
3.535136547867115 -46.01 
3.535136547867115 -48.0 
3.634256327596453 -48.01 
3.634256327596453 -50.0 
