PNGN
-65.711548 66.143471
34.0
2.749611743970638 0.0 
2.749611743970638 -2.0 
2.748951857140705 -2.00001 
2.748951857140705 -4.0 
2.7483471407528617 -4.00001 
2.7483471407528617 -6.0 
2.6810267876870864 -6.00001 
2.6810267876870864 -8.0 
2.7928348919549193 -8.00001 
2.7928348919549193 -10.0 
2.827598122013926 -10.01 
2.827598122013926 -12.0 
2.773181861048 -12.01 
2.773181861048 -14.0 
2.7988940269297147 -14.01 
2.7988940269297147 -16.0 
2.859754326496884 -16.01 
2.859754326496884 -18.0 
2.9048022068074077 -18.01 
2.9048022068074077 -20.0 
2.927473685507882 -20.01 
2.927473685507882 -22.0 
2.969019488117035 -22.01 
2.969019488117035 -24.0 
3.03261139298321 -24.01 
3.03261139298321 -26.0 
3.091090828098193 -26.01 
3.091090828098193 -28.0 
3.162643236012281 -28.01 
3.162643236012281 -30.0 
3.2305372646317734 -30.01 
3.2305372646317734 -32.0 
3.3277496635005916 -32.01 
3.3277496635005916 -34.0 
