QILN
-86.3709 66.6532
38.0
2.749611743970638 0.0 
2.749611743970638 -2.0 
2.748951857140705 -2.00001 
2.748951857140705 -4.0 
2.7483471407528617 -4.00001 
2.7483471407528617 -6.0 
2.7999329203556593 -6.00001 
2.7999329203556593 -8.0 
2.822552451738122 -8.00001 
2.822552451738122 -10.0 
2.8905829114363506 -10.01 
2.8905829114363506 -12.0 
2.866443179143579 -12.01 
2.866443179143579 -14.0 
2.8517800750206286 -14.01 
2.8517800750206286 -16.0 
2.851867665314483 -16.01 
2.851867665314483 -18.0 
2.8592037170900677 -18.01 
2.8592037170900677 -20.0 
2.8781123277140908 -20.01 
2.8781123277140908 -22.0 
2.861595920780001 -22.01 
2.861595920780001 -24.0 
2.892354593859355 -24.01 
2.892354593859355 -26.0 
2.9305474148366986 -26.01 
2.9305474148366986 -28.0 
2.935819959217892 -28.01 
2.935819959217892 -30.0 
3.0677325607039383 -30.01 
3.0677325607039383 -32.0 
3.171497782751844 -32.01 
3.171497782751844 -34.0 
3.2297547545056067 -34.01 
3.2297547545056067 -36.0 
3.3901097966418807 -36.01 
3.3901097966418807 -38.0 
