YOSQ
-72.19983 52.86657
42.0
2.7495756790182533 0.0 
2.7495756790182533 -2.0 
2.7489106400357235 -2.00001 
2.7489106400357235 -4.0 
2.748305917115266 -4.00001 
2.748305917115266 -6.0 
2.7903724751655763 -6.00001 
2.7903724751655763 -8.0 
2.769388276417337 -8.00001 
2.769388276417337 -10.0 
2.838338544132943 -10.01 
2.838338544132943 -12.0 
2.798000618620541 -12.01 
2.798000618620541 -14.0 
2.820852529166718 -14.01 
2.820852529166718 -16.0 
2.8712592857588555 -16.01 
2.8712592857588555 -18.0 
2.8435796826270727 -18.01 
2.8435796826270727 -20.0 
2.8323766114141677 -20.01 
2.8323766114141677 -22.0 
2.8292194067058394 -22.01 
2.8292194067058394 -24.0 
2.8315746097046572 -24.01 
2.8315746097046572 -26.0 
2.889347756669901 -26.01 
2.889347756669901 -28.0 
2.953089012001045 -28.01 
2.953089012001045 -30.0 
3.035464080731075 -30.01 
3.035464080731075 -32.0 
3.1193545279180426 -32.01 
3.1193545279180426 -34.0 
3.1759764217778983 -34.01 
3.1759764217778983 -36.0 
3.266779918999799 -36.01 
3.266779918999799 -38.0 
3.442650345867422 -38.01 
3.442650345867422 -40.0 
3.6057478645335994 -40.01 
3.6057478645335994 -42.0 
