ID2372
35.26 30.63
33.06
2.7495533216399553 -0.0 
2.7495533216399553 -2.13 
2.748848078469647 -2.1399999999999997 
2.748848078469647 -4.26 
2.7595102344874993 -4.27 
2.7595102344874993 -11.14 
2.785446496409068 -11.14 
2.785446496409068 -11.15 
2.811853210453079 -11.15 
2.811853210453079 -18.02 
2.894723561181513 -18.03 
2.894723561181513 -22.93 
2.9752751660753516 -22.94 
2.9752751660753516 -27.84 
3.007144280274343 -27.85 
3.007144280274343 -28.32 
3.050587426619752 -28.330000000000002 
3.050587426619752 -28.8 
3.0739357626806427 -28.810000000000002 
3.0739357626806427 -29.33 
3.1215949961318583 -29.34 
3.1215949961318583 -30.39 
3.1662139750598546 -30.400000000000002 
3.1662139750598546 -31.51 
3.231964240459629 -31.520000000000003 
3.231964240459629 -32.1 
3.265214156987749 -32.11 
3.265214156987749 -32.58 
3.3768002034147355 -32.589999999999996 
3.3768002034147355 -33.06 
