ID2521
9.43 48.43
26.3
2.749791565656797 -0.0 
2.749791565656797 -0.8 
2.7494805049694224 -0.81 
2.7494805049694224 -1.7 
2.749067677365365 -1.71 
2.749067677365365 -3.3 
2.748554483423397 -3.3099999999999996 
2.748554483423397 -5.0 
2.748034523061921 -5.01 
2.748034523061921 -6.9 
2.752634445652546 -6.91 
2.752634445652546 -8.8 
2.6283811338700964 -8.81 
2.6283811338700964 -17.9 
2.8648677017763338 -17.91 
2.8648677017763338 -22.1 
2.990708662584507 -22.110000000000003 
2.990708662584507 -26.3 
