ID2591
-105.21 49.58
44.9
2.7495413370822366 -0.0 
2.7495413370822366 -2.2 
2.7489238445276807 -2.21 
2.7489238445276807 -3.7 
2.754403485858408 -3.71 
2.754403485858408 -7.4 
2.7970676426841306 -7.41 
2.7970676426841306 -9.6 
2.500142076806729 -9.61 
2.500142076806729 -11.2 
2.873571867621283 -11.209999999999999 
2.873571867621283 -16.5 
2.935518947644937 -16.51 
2.935518947644937 -21.8 
2.4492301721931122 -21.810000000000002 
2.4492301721931122 -24.1 
2.924348905472925 -24.110000000000003 
2.924348905472925 -27.0 
2.9621176912286993 -27.01 
2.9621176912286993 -29.9 
3.1407177304691802 -29.91 
3.1407177304691802 -37.4 
3.1406704350200707 -37.41 
3.1406704350200707 -44.9 
