ID2730
54.98 45.19
48.3
2.749307910890505 -0.0 
2.749307910890505 -3.6 
2.7484796637492988 -3.61 
2.7484796637492988 -5.2 
2.688875454393769 -5.21 
2.688875454393769 -7.3 
2.542569339763006 -7.31 
2.542569339763006 -10.0 
2.734666793097976 -10.01 
2.734666793097976 -12.4 
2.854625035210094 -12.41 
2.854625035210094 -14.7 
2.977164165291992 -14.709999999999999 
2.977164165291992 -18.3 
2.9196475858609046 -18.310000000000002 
2.9196475858609046 -34.7 
3.2340853894388926 -34.71 
3.2340853894388926 -48.3 
