ID2817
-145.23 61.49
38.5
2.749943721816933 -0.0 
2.749943721816933 -0.2 
2.749791647479428 -0.21000000000000002 
2.749791647479428 -0.5 
2.7495320069934115 -0.51 
2.7495320069934115 -1.7 
2.7489105999450136 -1.71 
2.7489105999450136 -4.3 
2.7482891090198454 -4.31 
2.7482891090198454 -5.8 
2.6945364243820595 -5.81 
2.6945364243820595 -9.4 
2.83491727547226 -9.41 
2.83491727547226 -11.7 
2.8977497531794865 -11.709999999999999 
2.8977497531794865 -14.0 
2.7678212653734495 -14.01 
2.7678212653734495 -18.0 
3.165883557558811 -18.01 
3.165883557558811 -18.7 
3.19506937925014 -18.71 
3.19506937925014 -19.4 
3.000315342647218 -19.41 
3.000315342647218 -21.0 
3.0830807984279507 -21.01 
3.0830807984279507 -22.6 
3.100116476871228 -22.610000000000003 
3.100116476871228 -28.4 
3.2806550407513244 -28.41 
3.2806550407513244 -34.2 
3.091024549069065 -34.21 
3.091024549069065 -38.5 
