ID2991
38.61 -3.53
31.13
2.749517464272538 -0.0 
2.749517464272538 -2.34 
2.7484398010026396 -2.3499999999999996 
2.7484398010026396 -6.79 
2.8643700502085867 -6.8 
2.8643700502085867 -11.25 
2.8941497806687195 -11.25 
2.8941497806687195 -11.26 
2.9189474926734413 -11.26 
2.9189474926734413 -15.09 
2.9554130198317856 -15.1 
2.9554130198317856 -18.94 
2.9818640079094805 -18.94 
2.9818640079094805 -18.950000000000003 
3.0139685568189796 -18.950000000000003 
3.0139685568189796 -25.03 
3.05176847053377 -25.040000000000003 
3.05176847053377 -31.13 
