ID3777
-120.65 45.81
39.22
2.7498851856063555 -0.0 
2.7498851856063555 -0.37 
2.7495731719085197 -0.38 
2.7495731719085197 -1.59 
2.749305291120004 -1.6 
2.749305291120004 -1.95 
2.7490669008541317 -1.96 
2.7490669008541317 -3.05 
2.7488910400885875 -3.05 
2.7488910400885875 -3.0599999999999996 
2.748834672310325 -3.0599999999999996 
2.748834672310325 -3.41 
2.748592865155377 -3.42 
2.748592865155377 -4.63 
2.748338832651136 -4.64 
2.748338832651136 -5.12 
2.5440839469050642 -5.13 
2.5440839469050642 -8.54 
2.73851340225232 -8.549999999999999 
2.73851340225232 -13.34 
2.769719568763441 -13.34 
2.769719568763441 -13.35 
2.8108254770805177 -13.35 
2.8108254770805177 -18.14 
2.9022327039517046 -18.14 
2.9022327039517046 -18.150000000000002 
3.010219606288149 -18.150000000000002 
3.010219606288149 -34.12 
3.330568366384404 -34.129999999999995 
3.330568366384404 -39.22 
