ID4029
107.09 35.4
43.8
2.7494566653538652 -0.0 
2.7494566653538652 -2.7 
2.7486464321269235 -2.71 
2.7486464321269235 -5.0 
2.717740312005358 -5.01 
2.717740312005358 -11.5 
2.726999405934056 -11.51 
2.726999405934056 -18.7 
2.757520151564451 -18.71 
2.757520151564451 -21.7 
2.785827200379986 -21.71 
2.785827200379986 -32.1 
2.861517226242411 -32.11 
2.861517226242411 -33.5 
2.952469411701501 -33.51 
2.952469411701501 -36.1 
3.0428637914030765 -36.11 
3.0428637914030765 -40.5 
3.136101137732065 -40.51 
3.136101137732065 -43.8 
