ID4024
102.91 36.88
56.9
2.7495584709425214 -0.0 
2.7495584709425214 -2.1 
2.7489398435184995 -2.11 
2.7489398435184995 -3.7 
2.74016098538435 -3.71 
2.74016098538435 -8.0 
2.738456748747015 -8.01 
2.738456748747015 -13.8 
2.767999750290113 -13.81 
2.767999750290113 -16.9 
2.903644155926782 -16.91 
2.903644155926782 -28.9 
3.048180374016271 -28.91 
3.048180374016271 -30.5 
2.9579282851722954 -30.51 
2.9579282851722954 -33.2 
2.8453439296006837 -33.21 
2.8453439296006837 -45.5 
2.922627241348383 -45.51 
2.922627241348383 -52.0 
3.0165815160175216 -52.01 
3.0165815160175216 -56.9 
