ID4114
113.37 40.34
45.1
2.749831803787971 -0.0 
2.749831803787971 -0.6 
2.7494641941473774 -0.61 
2.7494641941473774 -2.0 
2.7487106053756456 -2.01 
2.7487106053756456 -5.3 
2.7506218589576856 -5.31 
2.7506218589576856 -8.7 
2.7807872083970167 -8.709999999999999 
2.7807872083970167 -11.8 
2.650166108646376 -11.81 
2.650166108646376 -14.4 
2.7245904572093886 -14.41 
2.7245904572093886 -15.8 
2.7439036502681744 -15.81 
2.7439036502681744 -16.2 
2.8256564730221543 -16.21 
2.8256564730221543 -20.3 
2.796352091083846 -20.310000000000002 
2.796352091083846 -24.4 
2.8762531011248273 -24.41 
2.8762531011248273 -27.3 
2.776286574248427 -27.310000000000002 
2.776286574248427 -33.9 
2.8567107210684783 -33.91 
2.8567107210684783 -35.4 
2.947250514486234 -35.41 
2.947250514486234 -36.3 
2.8976527360999134 -36.309999999999995 
2.8976527360999134 -41.5 
2.9862373430996483 -41.51 
2.9862373430996483 -44.0 
3.0330331043734478 -44.01 
3.0330331043734478 -45.1 
