ID4103
116.86 37.42
30.0
2.749853536528716 -0.0 
2.749853536528716 -0.5 
2.749515073858225 -0.51 
2.749515073858225 -1.8 
2.7490514007356133 -1.81 
2.7490514007356133 -3.3 
2.7485842274101406 -3.3099999999999996 
2.7485842274101406 -4.8 
2.725289097331778 -4.81 
2.725289097331778 -9.9 
2.7141010910884167 -9.91 
2.7141010910884167 -14.1 
2.7263763050367036 -14.11 
2.7263763050367036 -16.5 
2.7621774994290673 -16.51 
2.7621774994290673 -19.8 
2.799281318665694 -19.810000000000002 
2.799281318665694 -20.7 
2.9240240354611955 -20.71 
2.9240240354611955 -27.9 
3.1852452851525213 -27.91 
3.1852452851525213 -30.0 
