ID4708
117.32 26.06
35.0
2.7494903423787678 -0.0 
2.7494903423787678 -2.5 
2.7486774384478063 -2.51 
2.7486774384478063 -5.0 
2.7387528843038926 -5.01 
2.7387528843038926 -10.0 
2.7203913770425543 -10.01 
2.7203913770425543 -12.5 
2.7711496316709234 -12.51 
2.7711496316709234 -15.0 
2.7665614598548203 -15.01 
2.7665614598548203 -17.5 
2.8286318602353244 -17.51 
2.8286318602353244 -20.0 
2.824673445448927 -20.01 
2.824673445448927 -22.5 
2.902014468097371 -22.51 
2.902014468097371 -25.0 
2.898766157202516 -25.01 
2.898766157202516 -27.5 
2.9701778219867374 -27.51 
2.9701778219867374 -30.0 
2.967349455943475 -30.01 
2.967349455943475 -32.5 
3.533645562201041 -32.51 
3.533645562201041 -35.0 
