ID4711
118.49 25.07
30.0
2.7494903423787678 -0.0 
2.7494903423787678 -2.5 
2.7486774384478063 -2.51 
2.7486774384478063 -5.0 
2.7263457021368183 -5.01 
2.7263457021368183 -10.0 
2.699872938836803 -10.01 
2.699872938836803 -12.5 
2.812102973503685 -12.51 
2.812102973503685 -15.0 
2.808965851758818 -15.01 
2.808965851758818 -17.5 
2.8630555312471317 -17.51 
2.8630555312471317 -20.0 
2.859350397225698 -20.01 
2.859350397225698 -22.5 
2.9676457909425316 -22.51 
2.9676457909425316 -25.0 
2.9657410439999277 -25.01 
2.9657410439999277 -27.5 
3.4836327734861934 -27.51 
3.4836327734861934 -30.0 
