ID4954
-9.7 51.6
31.2
2.7499053772315554 -0.0 
2.7499053772315554 -0.3 
2.7493004792120246 -0.31 
2.7493004792120246 -3.3 
2.7483651727782354 -3.3099999999999996 
2.7483651727782354 -6.3 
2.7234066105363732 -6.31 
2.7234066105363732 -8.5 
2.722046499892391 -8.51 
2.722046499892391 -10.7 
2.790935161317636 -10.709999999999999 
2.790935161317636 -14.1 
2.788490503549578 -14.11 
2.788490503549578 -17.5 
2.8544671696498947 -17.51 
2.8544671696498947 -20.15 
2.932856758657775 -20.16 
2.932856758657775 -22.8 
2.993691456166421 -22.810000000000002 
2.993691456166421 -27.0 
3.097164533079866 -27.01 
3.097164533079866 -31.2 
