ID4978
-8.7 51.9
30.6
2.749831803787971 -0.0 
2.749831803787971 -0.6 
2.749600056720911 -0.61 
2.749600056720911 -1.2 
2.7492714327484715 -1.21 
2.7492714327484715 -2.55 
2.748837178905288 -2.5599999999999996 
2.748837178905288 -3.9 
2.748262272202225 -3.9099999999999997 
2.748262272202225 -6.4 
2.719675006119326 -6.41 
2.719675006119326 -8.9 
2.7176831734082803 -8.91 
2.7176831734082803 -12.8 
2.8320355622010114 -12.81 
2.8320355622010114 -14.55 
2.8106601856419466 -14.56 
2.8106601856419466 -16.3 
2.8456951849501175 -16.310000000000002 
2.8456951849501175 -21.9 
3.0116736274346407 -21.91 
3.0116736274346407 -26.1 
3.1216886082084545 -26.110000000000003 
3.1216886082084545 -28.35 
3.3500121388162394 -28.360000000000003 
3.3500121388162394 -30.6 
