ID4965
15.6 52.8
31.5
2.749943721816933 -0.0 
2.749943721816933 -0.2 
2.74974781883518 -0.21000000000000002 
2.74974781883518 -0.75 
2.7495570358938335 -0.76 
2.7495570358938335 -1.3 
2.7492139628865906 -1.31 
2.7492139628865906 -2.8 
2.748859899108499 -2.8099999999999996 
2.748859899108499 -3.5 
2.7485315885949015 -3.51 
2.7485315885949015 -4.95 
2.74811079998444 -4.96 
2.74811079998444 -6.4 
2.674176806854553 -6.41 
2.674176806854553 -11.2 
2.709732949559721 -11.209999999999999 
2.709732949559721 -16.0 
2.7430262260314047 -16.01 
2.7430262260314047 -18.5 
2.780293235564237 -18.51 
2.780293235564237 -21.0 
2.9690925894825844 -21.01 
2.9690925894825844 -22.75 
3.080360643838863 -22.76 
3.080360643838863 -24.5 
3.100729176358907 -24.51 
3.100729176358907 -28.0 
3.3254115911187165 -28.01 
3.3254115911187165 -31.5 
