ID6556
-21.4 64.0
17.4
2.749943721816933 -0.0 
2.749943721816933 -0.2 
2.749809259861533 -0.21000000000000002 
2.749809259861533 -0.4 
2.749600426577239 -0.41000000000000003 
2.749600426577239 -1.4 
2.7492299378854677 -1.41 
2.7492299378854677 -2.6 
2.7488447772299414 -2.61 
2.7488447772299414 -3.8 
2.7482769341356152 -3.8099999999999996 
2.7482769341356152 -6.4 
2.7478408580999343 -6.41 
2.7478408580999343 -6.9 
3.0701284721451247 -6.91 
3.0701284721451247 -8.9 
3.1479575092859373 -8.91 
3.1479575092859373 -17.4 
