ID8344
112.94 36.26
43.1
2.749811293958527 -0.0 
2.749811293958527 -0.7 
2.749548572639998 -0.71 
2.749548572639998 -1.4 
2.748820829663719 -1.41 
2.748820829663719 -5.2 
2.775706762458542 -5.21 
2.775706762458542 -11.6 
2.8310514024252496 -11.61 
2.8310514024252496 -14.2 
2.867761413791014 -14.209999999999999 
2.867761413791014 -17.7 
2.8808213111322507 -17.71 
2.8808213111322507 -28.7 
2.8304056800239903 -28.71 
2.8304056800239903 -31.95 
2.8781434145518316 -31.96 
2.8781434145518316 -35.2 
2.918692193133638 -35.21 
2.918692193133638 -38.0 
2.9417885061798623 -38.01 
2.9417885061798623 -41.4 
3.0332938273812005 -41.41 
3.0332938273812005 -42.5 
3.282772190460166 -42.51 
3.282772190460166 -43.1 
