ID9112
113.58 40.45
42.6
2.7499053772315554 -0.0 
2.7499053772315554 -0.3 
2.749756471648779 -0.31 
2.749756471648779 -0.6 
2.7492579202293608 -0.61 
2.7492579202293608 -3.25 
2.7488283659464985 -3.25 
2.7488283659464985 -3.26 
2.745846723495415 -3.26 
2.745846723495415 -12.2 
2.7700430766983493 -12.209999999999999 
2.7700430766983493 -16.7 
2.8035410596138393 -16.71 
2.8035410596138393 -20.6 
2.8172315719423078 -20.610000000000003 
2.8172315719423078 -24.5 
2.876558531316502 -24.51 
2.876558531316502 -25.8 
2.8307767464243874 -25.810000000000002 
2.8307767464243874 -28.1 
2.8117805474887363 -28.110000000000003 
2.8117805474887363 -30.0 
2.820310274047025 -30.01 
2.820310274047025 -32.0 
2.8617193554311138 -32.01 
2.8617193554311138 -33.1 
2.94973715279016 -33.11 
2.94973715279016 -33.8 
2.906934061672051 -33.809999999999995 
2.906934061672051 -35.5 
2.8783328593788684 -35.51 
2.8783328593788684 -37.6 
2.8973074578581963 -37.61 
2.8973074578581963 -39.0 
2.9421685482215603 -39.01 
2.9421685482215603 -40.1 
2.9891941433339384 -40.11 
2.9891941433339384 -41.7 
3.1303915319400866 -41.71 
3.1303915319400866 -42.6 
