HFC2
13.7205882353 60.034422176
45.0
5.704243089253698 0.0 
5.688418310049951 -0.521341331837 
5.799737490102253 -0.531341331837 
5.799737490102253 -2.46054694805 
5.896125143051858 -2.61591357012 
5.896125143051858 -4.40090342814 
6.009623726719045 -4.55511918634 
6.009623726719045 -6.50238084963 
6.091328986903985 -6.5123808496299995 
6.074947952815078 -10.3923007207 
6.025924145660185 -10.3957533123 
6.025924145660185 -14.4525484442 
6.124148716270464 -14.4625484442 
6.140586738393344 -16.3917540604 
6.272721012681731 -16.401754060400002 
6.272721012681731 -18.3298088127 
6.455981469010806 -18.4794211155 
6.455981469010806 -20.2644109735 
6.6069544714735 -20.2744109735 
6.6069544714735 -22.5258584725 
6.741669641415461 -22.535858472500003 
6.741669641415461 -24.1393696143 
6.826008616236753 -24.4581589055 
6.826008616236753 -26.4054205688 
6.724811778932452 -26.412325752 
6.724811778932452 -30.3068490786 
6.775396683147479 -30.3168490786 
6.775396683147479 -32.4129299555 
6.842883091605735 -32.422929955499995 
6.842883091605735 -34.3555881634 
6.944136819057093 -34.3655881634 
6.927262797042336 -36.2970955073 
7.062177049803245 -36.3070955073 
7.062177049803245 -38.5596938702 
7.095862589592941 -38.5696938702 
7.079022740032334 -40.5058046696 
7.146341863774943 -40.5158046696 
7.129522677681373 -42.4496137413 
7.213533796351021 -42.4596137413 
7.230307882292589 -44.5522420267 
7.430606863688297 -44.5622420267 
7.430606863688297 -45.0 
