ALI
79.5722 30.5315
52.0
2.7495756790182533 0.0 
2.7495756790182533 -2.0 
2.7489106400357235 -2.00001 
2.7489106400357235 -4.0 
2.748305917115266 -4.00001 
2.748305917115266 -6.0 
2.693308161948829 -6.00001 
2.693308161948829 -8.0 
2.718318040856435 -8.00001 
2.718318040856435 -10.0 
2.5997874374522607 -10.01 
2.5997874374522607 -12.0 
2.5171299125536284 -12.01 
2.5171299125536284 -14.0 
2.575628426964652 -14.01 
2.575628426964652 -16.0 
2.6588005846660883 -16.01 
2.6588005846660883 -18.0 
2.6521722368914378 -18.01 
2.6521722368914378 -20.0 
2.6965250439129087 -20.01 
2.6965250439129087 -22.0 
2.6565381277044833 -22.01 
2.6565381277044833 -24.0 
2.774955630613924 -24.01 
2.774955630613924 -26.0 
2.7553123544286824 -26.01 
2.7553123544286824 -28.0 
2.6877369441260024 -28.01 
2.6877369441260024 -30.0 
2.701782192886039 -30.01 
2.701782192886039 -32.0 
2.620249672464353 -32.01 
2.620249672464353 -34.0 
2.5883841338092077 -34.01 
2.5883841338092077 -36.0 
2.677345578791163 -36.01 
2.677345578791163 -38.0 
2.7125014512922783 -38.01 
2.7125014512922783 -40.0 
2.707959649062125 -40.01 
2.707959649062125 -42.0 
2.7404686023778293 -42.01 
2.7404686023778293 -44.0 
2.864854076881286 -44.01 
2.864854076881286 -46.0 
3.0189839107216927 -46.01 
3.0189839107216927 -48.0 
3.148642153794217 -48.01 
3.148642153794217 -50.0 
3.2737291433694393 -50.01 
3.2737291433694393 -52.0 
