ALM
79.6203 29.638
46.0
2.7495756790182533 0.0 
2.7495756790182533 -2.0 
2.7489106400357235 -2.00001 
2.7489106400357235 -4.0 
2.748305917115266 -4.00001 
2.748305917115266 -6.0 
2.68932905207355 -6.00001 
2.68932905207355 -8.0 
2.6083595570623204 -8.00001 
2.6083595570623204 -10.0 
2.741329655442763 -10.01 
2.741329655442763 -12.0 
2.820736280285825 -12.01 
2.820736280285825 -14.0 
2.845428861135875 -14.01 
2.845428861135875 -16.0 
2.866410941539152 -16.01 
2.866410941539152 -18.0 
2.861124811474066 -18.01 
2.861124811474066 -20.0 
2.828479853340151 -20.01 
2.828479853340151 -22.0 
2.7634473961853976 -22.01 
2.7634473961853976 -24.0 
2.767973380429622 -24.01 
2.767973380429622 -26.0 
2.71319645489744 -26.01 
2.71319645489744 -28.0 
2.7403667895059876 -28.01 
2.7403667895059876 -30.0 
2.826298083151 -30.01 
2.826298083151 -32.0 
2.810253169133966 -32.01 
2.810253169133966 -34.0 
2.8929491685717434 -34.01 
2.8929491685717434 -36.0 
3.0836721056522336 -36.01 
3.0836721056522336 -38.0 
3.1745192470711907 -38.01 
3.1745192470711907 -40.0 
3.187907728423453 -40.01 
3.187907728423453 -42.0 
3.203776945715225 -42.01 
3.203776945715225 -44.0 
3.2593597603711495 -44.01 
3.2593597603711495 -46.0 
