BGR
79.6239 29.9085
42.0
2.7495756790182533 0.0 
2.7495756790182533 -2.0 
2.7489106400357235 -2.00001 
2.7489106400357235 -4.0 
2.748305917115266 -4.00001 
2.748305917115266 -6.0 
2.718031544561923 -6.00001 
2.718031544561923 -8.0 
2.581248840045481 -8.00001 
2.581248840045481 -10.0 
2.6679263445200907 -10.01 
2.6679263445200907 -12.0 
2.723628398395847 -12.01 
2.723628398395847 -14.0 
2.7084224004661355 -14.01 
2.7084224004661355 -16.0 
2.7466898975030567 -16.01 
2.7466898975030567 -18.0 
2.793331594577765 -18.01 
2.793331594577765 -20.0 
2.823217806475315 -20.01 
2.823217806475315 -22.0 
2.753715874056864 -22.01 
2.753715874056864 -24.0 
2.7480408547930355 -24.01 
2.7480408547930355 -26.0 
2.680828910258983 -26.01 
2.680828910258983 -28.0 
2.7177434394085394 -28.01 
2.7177434394085394 -30.0 
2.7576536897761117 -30.01 
2.7576536897761117 -32.0 
2.7670479595311606 -32.01 
2.7670479595311606 -34.0 
2.8651254708280214 -34.01 
2.8651254708280214 -36.0 
2.9630691289168847 -36.01 
2.9630691289168847 -38.0 
3.0789260223740804 -38.01 
3.0789260223740804 -40.0 
3.2176762070372127 -40.01 
3.2176762070372127 -42.0 
