GHT
79.4519 30.2629
48.0
2.7495756790182533 0.0 
2.7495756790182533 -2.0 
2.7489106400357235 -2.00001 
2.7489106400357235 -4.0 
2.748305917115266 -4.00001 
2.748305917115266 -6.0 
2.7299703419192296 -6.00001 
2.7299703419192296 -8.0 
2.5853438132360402 -8.00001 
2.5853438132360402 -10.0 
2.57078292155096 -10.01 
2.57078292155096 -12.0 
2.6967523447945747 -12.01 
2.6967523447945747 -14.0 
2.723743161259843 -14.01 
2.723743161259843 -16.0 
2.8331670250791317 -16.01 
2.8331670250791317 -18.0 
2.8416768232554594 -18.01 
2.8416768232554594 -20.0 
2.7572909257319105 -20.01 
2.7572909257319105 -22.0 
2.782091489469743 -22.01 
2.782091489469743 -24.0 
2.7922066894877893 -24.01 
2.7922066894877893 -26.0 
2.804500103461905 -26.01 
2.804500103461905 -28.0 
2.6502373646758137 -28.01 
2.6502373646758137 -30.0 
2.6167950381994474 -30.01 
2.6167950381994474 -32.0 
2.703017545436203 -32.01 
2.703017545436203 -34.0 
2.781762494538789 -34.01 
2.781762494538789 -36.0 
2.813045110220452 -36.01 
2.813045110220452 -38.0 
2.8981259604525977 -38.01 
2.8981259604525977 -40.0 
3.0017888648321054 -40.01 
3.0017888648321054 -42.0 
3.0105174802350647 -42.01 
3.0105174802350647 -44.0 
3.037646413871228 -44.01 
3.037646413871228 -46.0 
3.1212018043341065 -46.01 
3.1212018043341065 -48.0 
