HLG
79.5095 30.5199
48.0
2.749611743970638 0.0 
2.749611743970638 -2.0 
2.748951857140705 -2.00001 
2.748951857140705 -4.0 
2.7483471407528617 -4.00001 
2.7483471407528617 -6.0 
2.6070070961763143 -6.00001 
2.6070070961763143 -8.0 
2.470469382725885 -8.00001 
2.470469382725885 -10.0 
2.3660809693218523 -10.01 
2.3660809693218523 -12.0 
2.639522233876617 -12.01 
2.639522233876617 -14.0 
2.8358475350850445 -14.01 
2.8358475350850445 -16.0 
2.866247659815396 -16.01 
2.866247659815396 -18.0 
2.926580807966074 -18.01 
2.926580807966074 -20.0 
2.9360643047695234 -20.01 
2.9360643047695234 -22.0 
2.800954524902625 -22.01 
2.800954524902625 -24.0 
2.6507041154856217 -24.01 
2.6507041154856217 -26.0 
2.5309247407603825 -26.01 
2.5309247407603825 -28.0 
2.5574634881929814 -28.01 
2.5574634881929814 -30.0 
2.513572032290236 -30.01 
2.513572032290236 -32.0 
2.54262644490114 -32.01 
2.54262644490114 -34.0 
2.637862370944429 -34.01 
2.637862370944429 -36.0 
2.749798039033356 -36.01 
2.749798039033356 -38.0 
2.8005575829150082 -38.01 
2.8005575829150082 -40.0 
2.8409521367406705 -40.01 
2.8409521367406705 -42.0 
2.9148034782452097 -42.01 
2.9148034782452097 -44.0 
3.0905808762248577 -44.01 
3.0905808762248577 -46.0 
3.2399112498397074 -46.01 
3.2399112498397074 -48.0 
