KTH
77.192 32.317
52.0
2.749611743970638 0.0 
2.749611743970638 -2.0 
2.748951857140705 -2.00001 
2.748951857140705 -4.0 
2.7483471407528617 -4.00001 
2.7483471407528617 -6.0 
2.570466126882522 -6.00001 
2.570466126882522 -8.0 
2.484706612877871 -8.00001 
2.484706612877871 -10.0 
2.4935865424174493 -10.01 
2.4935865424174493 -12.0 
2.5676530944880067 -12.01 
2.5676530944880067 -14.0 
2.630960968176536 -14.01 
2.630960968176536 -16.0 
2.5837735148356837 -16.01 
2.5837735148356837 -18.0 
2.5725055445265608 -18.01 
2.5725055445265608 -20.0 
2.593462307067579 -20.01 
2.593462307067579 -22.0 
2.5819173231520174 -22.01 
2.5819173231520174 -24.0 
2.5671747611725277 -24.01 
2.5671747611725277 -26.0 
2.6282587957054506 -26.01 
2.6282587957054506 -28.0 
2.7338542027328745 -28.01 
2.7338542027328745 -30.0 
2.739102933924466 -30.01 
2.739102933924466 -32.0 
2.745827896373807 -32.01 
2.745827896373807 -34.0 
2.7632712073204027 -34.01 
2.7632712073204027 -36.0 
2.7624707144088725 -36.01 
2.7624707144088725 -38.0 
2.7207415041567558 -38.01 
2.7207415041567558 -40.0 
2.7754049233168008 -40.01 
2.7754049233168008 -42.0 
2.8927124447578354 -42.01 
2.8927124447578354 -44.0 
2.9811182976280186 -44.01 
2.9811182976280186 -46.0 
3.025815565096457 -46.01 
3.025815565096457 -48.0 
3.103083513066541 -48.01 
3.103083513066541 -50.0 
3.2254556728399653 -50.01 
3.2254556728399653 -52.0 
