MRT
77.5911 28.9763
38.0
2.7495756790182533 0.0 
2.7495756790182533 -2.0 
2.7489106400357235 -2.00001 
2.7489106400357235 -4.0 
2.748305917115266 -4.00001 
2.748305917115266 -6.0 
2.673228996124676 -6.00001 
2.673228996124676 -8.0 
2.7034478526395835 -8.00001 
2.7034478526395835 -10.0 
2.9113364902363092 -10.01 
2.9113364902363092 -12.0 
3.0333336330659466 -12.01 
3.0333336330659466 -14.0 
3.075348386877158 -14.01 
3.075348386877158 -16.0 
3.0951471605967633 -16.01 
3.0951471605967633 -18.0 
3.1010437775630613 -18.01 
3.1010437775630613 -20.0 
3.0846660328447855 -20.01 
3.0846660328447855 -22.0 
3.0183485828741152 -22.01 
3.0183485828741152 -24.0 
2.9516447417163825 -24.01 
2.9516447417163825 -26.0 
2.9329205401709215 -26.01 
2.9329205401709215 -28.0 
3.007029000139132 -28.01 
3.007029000139132 -30.0 
3.1227483965479905 -30.01 
3.1227483965479905 -32.0 
3.2355506083068355 -32.01 
3.2355506083068355 -34.0 
3.362708097612347 -34.01 
3.362708097612347 -36.0 
3.4578989549992336 -36.01 
3.4578989549992336 -38.0 
