NOMA
83.1619 32.4424
76.0
2.7495756790182533 0.0 
2.7495756790182533 -2.0 
2.7489106400357235 -2.00001 
2.7489106400357235 -4.0 
2.748305917115266 -4.00001 
2.748305917115266 -6.0 
2.7217531605530842 -6.00001 
2.7217531605530842 -8.0 
2.7598422204516346 -8.00001 
2.7598422204516346 -10.0 
2.827249513173963 -10.01 
2.827249513173963 -12.0 
2.8526580777105157 -12.01 
2.8526580777105157 -14.0 
2.835941731508004 -14.01 
2.835941731508004 -16.0 
2.7247378310773933 -16.01 
2.7247378310773933 -18.0 
2.6551585726811666 -18.01 
2.6551585726811666 -20.0 
2.651693826851017 -20.01 
2.651693826851017 -22.0 
2.6587153815461964 -22.01 
2.6587153815461964 -24.0 
2.5894444139364152 -24.01 
2.5894444139364152 -26.0 
2.531366563744158 -26.01 
2.531366563744158 -28.0 
2.515241579581354 -28.01 
2.515241579581354 -30.0 
2.5394408142663893 -30.01 
2.5394408142663893 -32.0 
2.5700824758682934 -32.01 
2.5700824758682934 -34.0 
2.5898672590210796 -34.01 
2.5898672590210796 -36.0 
2.5980129670569005 -36.01 
2.5980129670569005 -38.0 
2.6291445322588345 -38.01 
2.6291445322588345 -40.0 
2.6523559778852825 -40.01 
2.6523559778852825 -42.0 
2.6817393409358368 -42.01 
2.6817393409358368 -44.0 
2.7172497955762256 -44.01 
2.7172497955762256 -46.0 
2.711785295474543 -46.01 
2.711785295474543 -48.0 
2.7094464594669248 -48.01 
2.7094464594669248 -50.0 
2.705315943533144 -50.01 
2.705315943533144 -52.0 
2.6805204997980483 -52.01 
2.6805204997980483 -54.0 
2.681085681248275 -54.01 
2.681085681248275 -56.0 
2.6878291163626318 -56.01 
2.6878291163626318 -58.0 
2.6905683520946124 -58.01 
2.6905683520946124 -60.0 
2.6994643977408326 -60.01 
2.6994643977408326 -62.0 
2.7465129935656134 -62.01 
2.7465129935656134 -64.0 
2.836791972549793 -64.01 
2.836791972549793 -66.0 
2.9523166909004903 -66.01 
2.9523166909004903 -68.0 
3.0848717515976185 -68.01 
3.0848717515976185 -70.0 
3.2382731850448656 -70.01 
3.2382731850448656 -72.0 
3.390352609797377 -72.01 
3.390352609797377 -74.0 
3.5248990393864443 -74.01 
3.5248990393864443 -76.0 
