NPL
77.1688 28.637
38.0
2.749611743970638 0.0 
2.749611743970638 -2.0 
2.748951857140705 -2.00001 
2.748951857140705 -4.0 
2.7483471407528617 -4.00001 
2.7483471407528617 -6.0 
2.7575387375620606 -6.00001 
2.7575387375620606 -8.0 
2.7745725581103677 -8.00001 
2.7745725581103677 -10.0 
2.8258673992633816 -10.01 
2.8258673992633816 -12.0 
2.871690122939112 -12.01 
2.871690122939112 -14.0 
2.9150904686867247 -14.01 
2.9150904686867247 -16.0 
2.935811698895029 -16.01 
2.935811698895029 -18.0 
2.969530320930881 -18.01 
2.969530320930881 -20.0 
3.001864975973632 -20.01 
3.001864975973632 -22.0 
3.0187315634414036 -22.01 
3.0187315634414036 -24.0 
3.0467497407362 -24.01 
3.0467497407362 -26.0 
3.108401918115814 -26.01 
3.108401918115814 -28.0 
3.1238334910698544 -28.01 
3.1238334910698544 -30.0 
3.172175571593536 -30.01 
3.172175571593536 -32.0 
3.2233349343185855 -32.01 
3.2233349343185855 -34.0 
3.2706586384563208 -34.01 
3.2706586384563208 -36.0 
3.3528640070872697 -36.01 
3.3528640070872697 -38.0 
