PKH
79.4397 30.4609
48.0
2.7495756790182533 0.0 
2.7495756790182533 -2.0 
2.7489106400357235 -2.00001 
2.7489106400357235 -4.0 
2.748305917115266 -4.00001 
2.748305917115266 -6.0 
2.7300071908299985 -6.00001 
2.7300071908299985 -8.0 
2.7953947431178747 -8.00001 
2.7953947431178747 -10.0 
2.6934452698665083 -10.01 
2.6934452698665083 -12.0 
2.6470530625697064 -12.01 
2.6470530625697064 -14.0 
2.778379407804647 -14.01 
2.778379407804647 -16.0 
2.7782037395341987 -16.01 
2.7782037395341987 -18.0 
2.676273707717538 -18.01 
2.676273707717538 -20.0 
2.5525735354715424 -20.01 
2.5525735354715424 -22.0 
2.6150209104130577 -22.01 
2.6150209104130577 -24.0 
2.6684384793003595 -24.01 
2.6684384793003595 -26.0 
2.6605089814255587 -26.01 
2.6605089814255587 -28.0 
2.6665444601572648 -28.01 
2.6665444601572648 -30.0 
2.6251193815367206 -30.01 
2.6251193815367206 -32.0 
2.663314047008323 -32.01 
2.663314047008323 -34.0 
2.8277896739761155 -34.01 
2.8277896739761155 -36.0 
2.879288150815422 -36.01 
2.879288150815422 -38.0 
2.8557301806634796 -38.01 
2.8557301806634796 -40.0 
2.900646871742281 -40.01 
2.900646871742281 -42.0 
3.008485071010111 -42.01 
3.008485071010111 -44.0 
3.098595861494899 -44.01 
3.098595861494899 -46.0 
3.2224928890843443 -46.01 
3.2224928890843443 -48.0 
