WT02
81.365 30.7597
64.0
2.7495756790182533 0.0 
2.7495756790182533 -2.0 
2.7489106400357235 -2.00001 
2.7489106400357235 -4.0 
2.748305917115266 -4.00001 
2.748305917115266 -6.0 
2.7492429986671745 -6.00001 
2.7492429986671745 -8.0 
2.672725141879685 -8.00001 
2.672725141879685 -10.0 
2.6062425770773756 -10.01 
2.6062425770773756 -12.0 
2.605844420245689 -12.01 
2.605844420245689 -14.0 
2.5460421638068715 -14.01 
2.5460421638068715 -16.0 
2.4995204212110482 -16.01 
2.4995204212110482 -18.0 
2.5696419726847926 -18.01 
2.5696419726847926 -20.0 
2.567155733327165 -20.01 
2.567155733327165 -22.0 
2.550971847812736 -22.01 
2.550971847812736 -24.0 
2.4527534829363233 -24.01 
2.4527534829363233 -26.0 
2.472866094776899 -26.01 
2.472866094776899 -28.0 
2.511057969278492 -28.01 
2.511057969278492 -30.0 
2.5699539749135383 -30.01 
2.5699539749135383 -32.0 
2.604419789156571 -32.01 
2.604419789156571 -34.0 
2.6462316009892737 -34.01 
2.6462316009892737 -36.0 
2.6484655962460564 -36.01 
2.6484655962460564 -38.0 
2.6448458831198196 -38.01 
2.6448458831198196 -40.0 
2.7052213460028316 -40.01 
2.7052213460028316 -42.0 
2.8563354060212016 -42.01 
2.8563354060212016 -44.0 
2.924313753379804 -44.01 
2.924313753379804 -46.0 
2.9367687555590813 -46.01 
2.9367687555590813 -48.0 
2.953511496689851 -48.01 
2.953511496689851 -50.0 
3.0146174626859983 -50.01 
3.0146174626859983 -52.0 
3.092355190972741 -52.01 
3.092355190972741 -54.0 
3.1169183446048265 -54.01 
3.1169183446048265 -56.0 
3.103439223612654 -56.01 
3.103439223612654 -58.0 
3.172762351916035 -58.01 
3.172762351916035 -60.0 
3.2982956922762248 -60.01 
3.2982956922762248 -62.0 
3.414378444378475 -62.01 
3.414378444378475 -64.0 
