WT18
81.4261 30.8552
64.0
2.7495756790182533 0.0 
2.7495756790182533 -2.0 
2.7490667810031337 -2.01 
2.7490667810031337 -3.0 
2.7487513245987762 -3.01 
2.7487513245987762 -4.0 
2.748305917115266 -4.00001 
2.748305917115266 -6.0 
2.768480196438889 -6.00001 
2.768480196438889 -8.0 
2.8487121571981784 -8.00001 
2.8487121571981784 -10.0 
2.809964350653394 -10.01 
2.809964350653394 -12.0 
2.7551855179636617 -12.01 
2.7551855179636617 -14.0 
2.673357454019032 -14.01 
2.673357454019032 -16.0 
2.578948966011589 -16.01 
2.578948966011589 -18.0 
2.534078509207509 -18.01 
2.534078509207509 -20.0 
2.520979644596634 -20.01 
2.520979644596634 -22.0 
2.5055053451184683 -22.01 
2.5055053451184683 -24.0 
2.4412816187206468 -24.01 
2.4412816187206468 -26.0 
2.381889638813427 -26.01 
2.381889638813427 -28.0 
2.408115105139739 -28.01 
2.408115105139739 -30.0 
2.5534151289714564 -30.01 
2.5534151289714564 -32.0 
2.6574813611247223 -32.01 
2.6574813611247223 -34.0 
2.663034403143505 -34.01 
2.663034403143505 -36.0 
2.623533552669821 -36.01 
2.623533552669821 -38.0 
2.6530150656796616 -38.01 
2.6530150656796616 -40.0 
2.6540442636945754 -40.01 
2.6540442636945754 -42.0 
2.7089872061144806 -42.01 
2.7089872061144806 -44.0 
2.887595775426965 -44.01 
2.887595775426965 -46.0 
3.002180671837941 -46.01 
3.002180671837941 -48.0 
3.077270154638638 -48.01 
3.077270154638638 -50.0 
3.0753267352736913 -50.01 
3.0753267352736913 -52.0 
2.946820091388524 -52.01 
2.946820091388524 -54.0 
2.8388324279066737 -54.01 
2.8388324279066737 -56.0 
2.882076993617352 -56.01 
2.882076993617352 -58.0 
2.9458235846607805 -58.01 
2.9458235846607805 -60.0 
3.059010105885926 -60.01 
3.059010105885926 -62.0 
3.243817502873519 -62.01 
3.243817502873519 -64.0 
