ZMBA
82.8926 32.3727
76.0
2.7495756790182533 0.0 
2.7495756790182533 -2.0 
2.7489106400357235 -2.00001 
2.7489106400357235 -4.0 
2.748305917115266 -4.00001 
2.748305917115266 -6.0 
2.7452262228414397 -6.00001 
2.7452262228414397 -8.0 
2.6893839865693425 -8.00001 
2.6893839865693425 -10.0 
2.7863867481004156 -10.01 
2.7863867481004156 -12.0 
2.839321824567678 -12.01 
2.839321824567678 -14.0 
2.7492055400947493 -14.01 
2.7492055400947493 -16.0 
2.678899826660258 -16.01 
2.678899826660258 -18.0 
2.7577386448687267 -18.01 
2.7577386448687267 -20.0 
2.829344091308278 -20.01 
2.829344091308278 -22.0 
2.8167119254424278 -22.01 
2.8167119254424278 -24.0 
2.699014953310162 -24.01 
2.699014953310162 -26.0 
2.610423679309325 -26.01 
2.610423679309325 -28.0 
2.537512200702732 -28.01 
2.537512200702732 -30.0 
2.496384560224353 -30.01 
2.496384560224353 -32.0 
2.5634324339242687 -32.01 
2.5634324339242687 -34.0 
2.606801749586646 -34.01 
2.606801749586646 -36.0 
2.6310697725118692 -36.01 
2.6310697725118692 -38.0 
2.657335302759028 -38.01 
2.657335302759028 -40.0 
2.7411250424414524 -40.01 
2.7411250424414524 -42.0 
2.750600022185144 -42.01 
2.750600022185144 -44.0 
2.7510524429535943 -44.01 
2.7510524429535943 -46.0 
2.7457179121698196 -46.01 
2.7457179121698196 -48.0 
2.7355696786509633 -48.01 
2.7355696786509633 -50.0 
2.6676002655545514 -50.01 
2.6676002655545514 -52.0 
2.5553169956442483 -52.01 
2.5553169956442483 -54.0 
2.590824379458115 -54.01 
2.590824379458115 -56.0 
2.6357853998104224 -56.01 
2.6357853998104224 -58.0 
2.6421023463703115 -58.01 
2.6421023463703115 -60.0 
2.6524815762507923 -60.01 
2.6524815762507923 -62.0 
2.6858345608022227 -62.01 
2.6858345608022227 -64.0 
2.764813900072414 -64.01 
2.764813900072414 -66.0 
2.8818727516438662 -66.01 
2.8818727516438662 -68.0 
3.0095124222516696 -68.01 
3.0095124222516696 -70.0 
3.1262637978964576 -70.01 
3.1262637978964576 -72.0 
3.196899630143413 -72.01 
3.196899630143413 -74.0 
3.2541834830367575 -74.01 
3.2541834830367575 -76.0 
