S11_TGY_Vs
120.94 14.1
34.0
2.7496135315458403 0.0 
2.7496135315458403 -1.78164246498 
2.749135167910339 -1.78164246498 
2.749135167910339 -2.8061874265 
2.748808918409491 -2.8061874265 
2.748808918409491 -3.83240812397 
2.7484956745611497 -3.83240812397 
2.7484956745611497 -4.86466147087 
2.748215717757993 -4.86466147087 
2.748215717757993 -5.75112578988 
2.7477692326893792 -5.75112578988 
2.7477692326893792 -6.92514639839 
2.724034984389025 -6.92514639839 
2.724034984389025 -10.1224505963 
2.8258369326824937 -10.1224505963 
2.8258369326824937 -12.7412907432 
2.972540884965754 -12.7412907432 
2.972540884965754 -15.0715691591 
3.0931382937407013 -15.0715691591 
3.0931382937407013 -17.5422742479 
3.151491318150682 -17.5422742479 
3.151491318150682 -20.0113036007 
3.080382756474435 -20.0113036007 
3.080382756474435 -22.6147269769 
2.7905509903363 -22.6147269769 
2.7905509903363 -25.3538849653 
2.6062165658879066 -25.3538849653 
2.6062165658879066 -27.8225791709 
2.6729772036572874 -27.8225791709 
2.6729772036572874 -30.0043873814 
2.869280306564315 -30.0043873814 
2.869280306564315 -32.7747140585 
3.0138178888754825 -32.7747140585 
3.0138178888754825 -34.0 
