S22_TARA_NE
117.57 3.33
35.0
2.7497107794517257 0.0 
2.7497107794517257 -1.23316757439 
2.749447413511383 -1.23316757439 
2.749447413511383 -1.46941352909 
2.7493679022614397 -1.46941352909 
2.7493679022614397 -1.70526481964 
2.7492511241897395 -1.70526481964 
2.7492511241897395 -2.17199463257 
2.7491173471569677 -2.17199463257 
2.7491173471569677 -2.52221959113 
2.7490322534779086 -2.52221959113 
2.7490322534779086 -2.69910805904 
2.748928928203651 -2.69910805904 
2.748928928203651 -3.1715210356 
2.7487728521914483 -3.1715210356 
2.7487728521914483 -3.69666114137 
2.748638533969456 -3.69666114137 
2.748638533969456 -4.04688609993 
2.7485327366157652 -4.04688609993 
2.7485327366157652 -4.39845291657 
2.748428346476596 -4.39845291657 
2.748428346476596 -4.74986186755 
2.7483088669863416 -4.74986186755 
2.7483088669863416 -5.21651274765 
2.748036547775788 -5.21651274765 
2.748036547775788 -6.67408635251 
2.7739373112377614 -6.67408635251 
2.7739373112377614 -8.18983345173 
2.8599281305907365 -8.18983345173 
2.8599281305907365 -9.70581734944 
2.9664853526001695 -9.70581734944 
2.9664853526001695 -10.639434841 
3.049821634881198 -10.639434841 
3.049821634881198 -10.9314073723 
3.1017242034010097 -10.9314073723 
3.1017242034010097 -11.4563896124 
3.1366778159333157 -11.4563896124 
3.1366778159333157 -12.0391506828 
3.1424746795399603 -12.0391506828 
3.1424746795399603 -12.679848449 
3.1306223465330096 -12.679848449 
3.1306223465330096 -14.0194174757 
3.103602666416934 -14.0194174757 
3.103602666416934 -15.8830215487 
3.0418197404937075 -15.8830215487 
3.0418197404937075 -19.9013339648 
2.9647249125127897 -19.9013339648 
2.9647249125127897 -22.7549135686 
2.904987713231046 -22.7549135686 
2.904987713231046 -24.4436024943 
2.874550851488125 -24.4436024943 
2.874550851488125 -24.9677954061 
2.866459836375176 -24.9677954061 
2.866459836375176 -26.2492698713 
2.8664500557132224 -26.2492698713 
2.8664500557132224 -28.4047675428 
2.8754415358475534 -28.4047675428 
2.8754415358475534 -30.5020127871 
2.8885642533753284 -30.5020127871 
2.8885642533753284 -32.0168126924 
2.9162488569782483 -32.0168126924 
2.9162488569782483 -33.2405872602 
2.971889716745985 -33.2405872602 
2.971889716745985 -34.2899992107 
3.0081081150348505 -34.2899992107 
3.0081081150348505 -35.0 
