CCRS
-57.8993 -17.2882
35.7
2.221177247313355 1.52684868117 
2.2212096705971542 -0.0204349838038 
2.5251650911121537 -0.0830726515502 
2.5252175335432865 -2.48995835261 
2.8808820558402983 -2.53038408144 
2.880998649420513 -5.10919018973 
2.8083791493697103 -5.119190189729999 
2.808485404460467 -7.68177695511 
2.747183186289874 -7.69177695511 
2.7472795793496187 -10.0828875521 
2.7701506643672333 -10.085108746 
2.7702441923991925 -12.491994447 
2.751880261222645 -12.6621378991 
2.751970965965464 -15.0690236002 
2.8087900924586755 -15.0743544655 
2.8088964103835323 -17.6531605738 
2.743091962454489 -17.663160573800003 
2.7431876620685034 -20.2257473392 
2.794309000241053 -20.235747339200003 
2.7944130760178254 -22.6375196668 
2.860337466350678 -22.6432947709 
2.860443696912692 -25.050180472 
2.876486123798569 -25.0515131883 
2.8766021341781114 -27.6303192966 
2.8396416553487818 -27.6403192966 
2.8397377668829336 -29.862174919 
2.887575885611753 -30.0380934752 
2.887693356233533 -32.6168995835 
3.0277870753710507 -32.6275613142 
3.0279109521963203 -35.0344470153 
3.097273177649788 -35.2112540491 
3.097273177649788 -35.7 
