D22_STLZ_Vs
-39.33 -11.24
41.0
2.674619405834736 0.0 
2.705275267405518 -2.3275862069 
2.747598041685045 -4.65517241379 
2.714559116144784 -7.24137931034 
2.7055473275129223 -9.56896551724 
2.7479135941149906 -12.4137931034 
2.783300302093528 -16.8103448276 
2.820685219415455 -19.6551724138 
2.8153425272646544 -21.9827586207 
2.8375178507426515 -24.8275862069 
2.8155765338414405 -27.1551724138 
2.82664969616908 -30.0 
2.849129952093542 -32.0689655172 
2.938869279625073 -34.6551724138 
2.9836900614992032 -37.2413793103 
3.036883662707136 -39.8275862069 
3.036883662707136 -41.0 
