ID2727
55.0 43.9
33.5
1.9888895699199998 -0.0 
1.9888895699199998 -1.4 
2.504772526079999 -1.4001 
2.504772526079999 -2.8 
2.5664741939199978 -2.8001 
2.5664741939199978 -4.4 
2.6364400025599988 -4.4001 
2.6364400025599988 -5.6 
2.7166560000000013 -5.600099999999999 
2.7166560000000013 -7.0 
2.7610011219199992 -7.0001 
2.7610011219199992 -10.0 
2.7166560000000013 -10.0001 
2.7166560000000013 -17.6 
2.858561650560004 -17.6001 
2.858561650560004 -25.2 
3.0578039585800023 -25.2001 
3.0578039585800023 -33.5 
