ID2968
16.81 -21.58
52.27
2.5347500000000016 -0.0 
2.5347500000000016 -0.54 
2.6751760940800002 -0.5401 
2.6751760940800002 -1.62 
2.7166560000000013 -1.6201 
2.7166560000000013 -4.32 
2.6751760940800002 -4.3201 
2.6751760940800002 -8.43 
2.7166560000000013 -8.4301 
2.7166560000000013 -8.97 
2.7610011219199992 -8.9701 
2.7610011219199992 -10.59 
2.738464549060004 -10.5901 
2.738464549060004 -16.22 
2.7610011219199992 -16.2201 
2.7610011219199992 -17.3 
2.80828985344 -17.3001 
2.80828985344 -21.9 
2.858561650560004 -21.9001 
2.858561650560004 -27.57 
2.9118211020800007 -27.5701 
2.9118211020800007 -35.29 
2.968042000000004 -35.2901 
2.968042000000004 -42.05 
3.027171409920003 -42.0501 
3.027171409920003 -44.86 
3.089133741440003 -44.8601 
3.089133741440003 -48.92 
3.1538348185600027 -48.920100000000005 
3.1538348185600027 -52.27 
3.221165950080005 -52.27 
