ID3796
-119.79 46.51
40.17
2.3528432065492995 -0.0 
2.3528432065492995 -0.28 
2.5615903857539863 -0.2801 
2.5615903857539863 -0.57 
2.5881923783386673 -0.5700999999999999 
2.5881923783386673 -4.58 
2.734044913192142 -4.5801 
2.734044913192142 -8.59 
2.749641243549378 -8.5901 
2.749641243549378 -11.03 
2.7985941966022656 -11.0301 
2.7985941966022656 -13.47 
2.8181049444767767 -13.4701 
2.8181049444767767 -18.4 
2.933956497099984 -18.4001 
2.933956497099984 -23.33 
2.9256003332631275 -23.330099999999998 
2.9256003332631275 -31.75 
2.997247382060004 -31.7501 
2.997247382060004 -40.17 
3.3340664017160213 -40.17 
