ID3794
-120.92 46.89
45.59
2.3513355617160214 -0.0 
2.3513355617160214 -0.69 
2.559972699370906 -0.6900999999999999 
2.559972699370906 -1.39 
2.6253303331252544 -1.3901 
2.6253303331252544 -5.41 
2.710253817470226 -5.4101 
2.710253817470226 -9.43 
2.7679053920260377 -9.4301 
2.7679053920260377 -11.67 
2.8034271066895817 -11.6701 
2.8034271066895817 -13.92 
2.7985941966022656 -13.9201 
2.7985941966022656 -19.0 
2.8768633445509337 -19.0001 
2.8768633445509337 -24.08 
2.9200664558556158 -24.080099999999998 
2.9200664558556158 -34.83 
2.985478466676027 -34.8301 
2.985478466676027 -45.59 
3.305266741617258 -45.59 
