ID3964
116.8 31.65
35.9
2.3933440000000004 -0.0 
2.3933440000000004 -0.6 
2.504772526079999 -0.6001 
2.504772526079999 -1.4 
2.6002792454400008 -1.4001 
2.6002792454400008 -2.4 
2.6751760940800002 -2.4001 
2.6751760940800002 -4.2 
2.7166560000000013 -4.2001 
2.7166560000000013 -6.4 
2.738464549060004 -6.4001 
2.738464549060004 -8.4 
2.7610011219199992 -8.4001 
2.7610011219199992 -11.7 
2.7725451660156253 -11.700099999999999 
2.7725451660156253 -14.0 
2.7166560000000013 -14.0001 
2.7166560000000013 -17.9 
2.82057739649813 -17.9001 
2.82057739649813 -25.9 
2.9118211020800007 -25.9001 
2.9118211020800007 -35.9 
