ID4113
114.43 39.79
42.4
1.9053920000000002 -0.0 
1.9053920000000002 -0.4 
2.6271660495018745 -0.4001 
2.6271660495018745 -1.8 
2.6955644269400016 -1.8001 
2.6955644269400016 -4.9 
2.738464549060004 -4.9001 
2.738464549060004 -8.3 
2.7610011219199992 -8.3001 
2.7610011219199992 -10.7 
2.738464549060004 -10.700099999999999 
2.738464549060004 -15.2 
2.756435122218221 -15.200099999999999 
2.756435122218221 -15.6 
2.791400716739971 -15.6001 
2.791400716739971 -20.2 
2.7842742055800005 -20.2001 
2.7842742055800005 -24.8 
2.84571323031438 -24.8001 
2.84571323031438 -29.7 
2.8380939365435363 -29.7001 
2.8380939365435363 -34.6 
2.884818883420002 -34.600100000000005 
2.884818883420002 -35.4 
2.858561650560004 -35.4001 
2.858561650560004 -40.0 
2.9118211020800007 -40.0001 
2.9118211020800007 -41.5 
2.997247382060004 -41.5001 
2.997247382060004 -42.4 
