BKN
78.39 18.23
32.5
2.7497248209398433 0.0 
2.7497248209398433 -1.15593471643 
2.7494832242195 -1.15593471643 
2.7494832242195 -1.33543820301 
2.749248299566141 -1.33543820301 
2.749248299566141 -2.56351299989 
2.748663027583686 -2.57401226043 
2.748663027583686 -5.02982316837 
2.7482713242653123 -5.02982316837 
2.7482713242653123 -5.195779222 
2.748523433840054 -5.195779222 
2.748523433840054 -7.47615087324 
2.7601844922140804 -7.47615087324 
2.7601844922140804 -7.65328355906 
2.76784963626609 -7.65328355906 
2.76784963626609 -10.1094331528 
2.8807802244834493 -10.1168842409 
2.8807802244834493 -12.5730338347 
2.9590445919855073 -12.5730338347 
2.9590445919855073 -12.7582949803 
3.044167050883782 -12.7582949803 
3.044167050883782 -15.0393440032 
3.051533927419163 -15.039682689 
3.051533927419163 -17.6712715395 
3.0387582841566507 -17.681271539500003 
3.0387582841566507 -20.3021830183 
3.0631440361395286 -20.3038764474 
3.0631440361395286 -22.5842480987 
3.0286241177443167 -22.5842480987 
3.0286241177443167 -22.7559618113 
2.990330487282231 -22.7559618113 
2.990330487282231 -24.8608942058 
2.946223880155437 -24.8608942058 
2.946223880155437 -25.2073698035 
2.902839319766937 -25.2073698035 
2.902839319766937 -30.1196689911 
2.9840081988649807 -30.1244105926 
2.9840081988649807 -32.5 
