CRP
76.32 13.02
47.5
2.749776712199838 0.0 
2.749776712199838 -0.877192982456 
2.749458153163739 -0.887192982456 
2.749458153163739 -1.75438596491 
2.7492234910812674 -1.76438596491 
2.7492234910812674 -2.28070175439 
2.7491103808046318 -2.28070175439 
2.7491103808046318 -2.45614035088 
2.7490255981792453 -2.45614035088 
2.7490255981792453 -2.80701754386 
2.7489416684740156 -2.80701754386 
2.7489416684740156 -2.98245614035 
2.748617563507172 -2.98245614035 
2.748617563507172 -4.91228070175 
2.7585536988712884 -4.92228070175 
2.7585536988712884 -7.36842105263 
2.8124503491782415 -7.378421052629999 
2.8124503491782415 -9.64912280702 
2.796722512313643 -9.64912280702 
2.796722512313643 -9.82456140351 
2.7859855105538482 -9.82456140351 
2.7859855105538482 -12.4561403509 
2.8808316744533133 -12.4661403509 
2.8808316744533133 -14.9122807018 
2.9103718979596875 -14.9122807018 
2.9103718979596875 -15.0877192982 
2.937322015139795 -15.0877192982 
2.937322015139795 -17.5438596491 
2.956724185055294 -17.5438596491 
2.956724185055294 -17.7192982456 
2.974989284727066 -17.7192982456 
2.974989284727066 -20.0 
2.99067725711737 -20.0 
2.99067725711737 -20.1754385965 
3.0110845074827086 -20.1754385965 
3.0110845074827086 -22.2807017544 
3.039694804810954 -22.2807017544 
3.039694804810954 -22.6315789474 
3.065904486083685 -22.6315789474 
3.065904486083685 -24.7368421053 
3.0967897550289316 -24.7368421053 
3.0967897550289316 -24.9122807018 
3.1256777197826513 -24.9122807018 
3.1256777197826513 -27.5438596491 
3.1672532446478057 -27.5438596491 
3.1672532446478057 -27.5538596491 
3.209041982873791 -27.5538596491 
3.209041982873791 -32.2807017544 
3.223312173450337 -32.2907017544 
3.223312173450337 -34.9122807018 
3.240613388097563 -34.9222807018 
3.240613388097563 -37.3684210526 
3.2582546031866784 -37.3684210526 
3.2582546031866784 -37.7192982456 
3.2755438898501574 -37.7192982456 
3.2755438898501574 -39.649122807 
3.234888263108767 -39.649122807 
3.234888263108767 -39.8245614035 
3.1958377684127033 -39.8245614035 
3.1958377684127033 -42.4561403509 
3.219469690130691 -42.4661403509 
3.219469690130691 -45.0877192982 
3.3961954201526345 -45.0977192982 
3.3961954201526345 -47.5 
