PUN
73.85 18.53
37.5
2.7497118226281807 0.0 
2.7497118226281807 -1.22741059284 
2.7494534227304905 -1.22741059284 
2.7494534227304905 -1.4396390764 
2.749157563194918 -1.4396390764 
2.749157563194918 -3.01580730465 
2.748525045354918 -3.02580730465 
2.748525045354918 -5.49225687081 
2.7481393187362064 -5.49225687081 
2.7481393187362064 -5.65852504583 
2.7928746279841885 -5.65852504583 
2.7928746279841885 -7.75850561409 
2.701304942788418 -7.7685056140899995 
2.701304942788418 -10.1896707586 
2.785850517509965 -10.1896707586 
2.785850517509965 -10.5620844352 
2.875338025623123 -10.5620844352 
2.875338025623123 -12.8377955949 
2.9579647217159666 -12.8486097852 
2.9579647217159666 -15.6488091718 
2.9393115576393534 -15.6488091718 
2.9393115576393534 -15.8204844419 
2.925220459073062 -15.8204844419 
2.925220459073062 -17.7460861925 
3.02037566864305 -17.7460861925 
3.02037566864305 -17.7663627992 
3.095327669158906 -17.7663627992 
3.095327669158906 -20.0420739589 
3.067829387772935 -20.0420739589 
3.067829387772935 -20.2110456815 
3.038905046883338 -20.2110456815 
3.038905046883338 -22.6611356589 
3.061594665018196 -22.6611356589 
3.061594665018196 -22.8422733456 
3.087849171474668 -22.8422733456 
3.087849171474668 -25.1179845053 
3.0688931599107945 -25.1179845053 
3.0688931599107945 -25.2889838885 
3.04573659510082 -25.2889838885 
3.04573659510082 -30.1898397303 
3.068394747028889 -30.1898397303 
3.068394747028889 -30.5460321215 
3.096627015886149 -30.5460321215 
3.096627015886149 -32.2965791675 
3.1046099150009687 -32.2979309413 
3.1046099150009687 -35.0981303279 
3.203720996072834 -35.0981303279 
3.203720996072834 -35.294813413 
3.3105662508281206 -35.294813413 
3.3105662508281206 -37.5 
