ABSD
4.1999 35.4345
36.0
2.749531702354472 0.0 
2.749531702354472 -2.256410256410277 
2.7491134512113056 -2.256410256410277 
2.7491134512113056 -2.4615384615385096 
2.7488214415199055 -2.4615384615385096 
2.7488214415199055 -4.102564102564145 
2.748267528829532 -4.112564102564145 
2.748267528829532 -6.153846153846189 
2.575945385711213 -6.163846153846189 
2.575945385711213 -7.794871794871824 
2.5447936636160358 -7.804871794871824 
2.5447936636160358 -9.641025641025635 
2.605669290567925 -9.641025641025635 
2.605669290567925 -9.846153846153868 
2.662938612985609 -9.846153846153868 
2.662938612985609 -11.487179487179503 
2.6862807657700167 -11.487179487179503 
2.6862807657700167 -11.692307692307736 
2.7137415904714466 -11.692307692307736 
2.7137415904714466 -13.128205128205138 
2.6958823528421325 -13.138205128205138 
2.6958823528421325 -14.153846153846189 
2.6752619928573744 -14.163846153846189 
2.6752619928573744 -17.641025641025635 
2.6959173520443325 -17.641025641025635 
2.6959173520443325 -17.651025641025637 
2.7196031492314345 -17.651025641025637 
2.7196031492314345 -19.897435897435912 
2.7997236720551855 -19.907435897435914 
2.7997236720551855 -22.153846153846132 
2.86769331170909 -22.163846153846134 
2.86769331170909 -24.205128205128233 
2.9139286356671352 -24.215128205128234 
2.9139286356671352 -26.87179487179486 
2.935335790639852 -26.881794871794863 
2.935335790639852 -29.743589743589723 
2.968998508651259 -29.743589743589723 
2.968998508651259 -29.948717948717956 
3.0099666844247195 -29.948717948717956 
3.0099666844247195 -32.0 
3.0633943176929472 -32.01 
3.0633943176929472 -33.64102564102569 
3.087527731535452 -33.64102564102569 
3.087527731535452 -33.84615384615387 
3.110285718023234 -33.84615384615387 
3.110285718023234 -36.0 
