ADJF
3.0981 34.215
38.0
2.7495356120897005 0.0 
2.7495356120897005 -2.2335025380709794 
2.748862374944066 -2.243502538070979 
2.748862374944066 -4.060913705583744 
2.7483114694374637 -4.070913705583743 
2.7483114694374637 -5.888324873096394 
2.7480231753083966 -5.888324873096394 
2.7480231753083966 -6.0913705583756155 
2.5919797734067527 -6.0913705583756155 
2.5919797734067527 -7.918781725888266 
2.5705432773838623 -7.928781725888266 
2.5705432773838623 -9.949238578680138 
2.6076195798658763 -9.949238578680138 
2.6076195798658763 -9.959238578680138 
2.6362204736386152 -9.959238578680138 
2.6362204736386152 -11.57360406091368 
2.6480138875893067 -11.58360406091368 
2.6480138875893067 -13.80710659898466 
2.674502347147514 -13.80710659898466 
2.674502347147514 -14.010152284263881 
2.6953593052837492 -14.010152284263881 
2.6953593052837492 -15.837563451776646 
2.730012761155986 -15.847563451776645 
2.730012761155986 -17.258883248730854 
2.7499982273775343 -17.268883248730855 
2.7499982273775343 -19.695431472081168 
2.774916213254805 -19.70543147208117 
2.774916213254805 -21.72588832487304 
2.801097451763868 -21.72588832487304 
2.801097451763868 -21.92893401015226 
2.823536473464221 -21.92893401015226 
2.823536473464221 -23.75634517766491 
2.869613924807228 -23.766345177664913 
2.869613924807228 -25.380710659898455 
2.883450124965229 -25.380710659898455 
2.883450124965229 -25.583756345177676 
2.901864811726951 -25.583756345177676 
2.901864811726951 -26.598984771573555 
2.929938133953865 -26.608984771573557 
2.929938133953865 -29.644670050761306 
2.94704868621099 -29.644670050761306 
2.94704868621099 -29.654670050761307 
2.9657947559971074 -29.654670050761307 
2.9657947559971074 -31.26903553299485 
3.005246073751653 -31.27903553299485 
3.005246073751653 -33.90862944162427 
3.0683448773835544 -33.91862944162427 
3.0683448773835544 -35.126903553299485 
3.1036496972454746 -35.126903553299485 
3.1036496972454746 -35.329949238578706 
3.130394925933526 -35.329949238578706 
3.130394925933526 -37.360406091370464 
3.23479956831224 -37.37040609137046 
3.23479956831224 -38.0 
