CKHR
5.5113 36.0171
30.0
2.749596571039372 0.35778926107605 
2.749596571039372 -2.3020224011751225 
2.7488666592495545 -2.3120224011751223 
2.7488666592495545 -3.962961991448651 
2.7482688336682086 -4.004931406237631 
2.7482688336682086 -6.25554127429632 
2.583211549854503 -6.279673687799971 
2.583211549854503 -8.121081761666176 
2.5118716989231675 -8.126327938514805 
2.5118716989231675 -9.764184350654489 
2.5281135745049736 -9.764184350654489 
2.5281135745049736 -9.975080659969024 
2.5445467372262827 -9.975080659969024 
2.5445467372262827 -12.02213886630119 
2.575828236099159 -12.02213886630119 
2.575828236099159 -12.442882249560625 
2.6095347832050457 -12.442882249560625 
2.6095347832050457 -14.285339558796522 
2.7281113868708013 -14.306324266190984 
2.7281113868708013 -15.739579781234454 
2.7694159645461682 -15.739579781234454 
2.7694159645461682 -15.957820738137059 
2.803750780758716 -15.957820738137059 
2.803750780758716 -20.25443957715811 
2.696576445473778 -20.26443957715811 
2.696576445473778 -21.46525719381998 
2.6563358728492514 -21.46525719381998 
2.6563358728492514 -22.065419825302286 
2.6107816178217096 -22.065419825302286 
2.6107816178217096 -24.7252314875534 
2.6224561327514686 -24.7252314875534 
2.6224561327514686 -24.9350785614983 
2.6387251528457867 -24.9350785614983 
2.6387251528457867 -26.572934973637985 
2.707051683481435 -26.572934973637985 
2.707051683481435 -26.799569813498408 
2.7786480699407234 -26.799569813498408 
2.7786480699407234 -28.0292736668153 
2.880250951103684 -28.0292736668153 
2.880250951103684 -28.674553419195774 
2.9762854941323043 -28.674553419195774 
2.9762854941323043 -30.0 
