IFE
4.5334 7.5334
35.0
2.7497466272326028 0.0 
2.7497466272326028 -1.0373657686624238 
2.7492850019533135 -1.0473657686624238 
2.7492850019533135 -2.633268674461025 
2.748774681052501 -2.6432686744610248 
2.748774681052501 -4.221085210125288 
2.750925167393753 -4.22512839519246 
2.750925167393753 -7.443503708659637 
2.722887223265068 -7.443503708659637 
2.722887223265068 -7.451012480927236 
2.669039565582005 -7.451012480927236 
2.669039565582005 -9.979735941508586 
2.731316426049745 -9.989735941508586 
2.731316426049745 -12.04291552149867 
2.807978385789017 -12.04291552149867 
2.807978385789017 -12.260092319392367 
2.8859764040941913 -12.260092319392367 
2.8859764040941913 -14.329047878049835 
2.919660561928364 -14.339047878049834 
2.919660561928364 -16.62499939833555 
2.935183385266897 -16.63499939833555 
2.935183385266897 -19.841641918202516 
2.913663299353039 -19.843374711802728 
2.913663299353039 -21.452562368536316 
2.9465476376037114 -21.452562368536316 
2.9465476376037114 -21.677247938697615 
2.9873052298068 -21.677247938697615 
2.9873052298068 -24.66458410546937 
2.9815989358611805 -24.66458410546937 
2.9815989358611805 -24.89620085003153 
2.9682073283853265 -24.89620085003153 
2.9682073283853265 -27.654808261574818 
2.981144540663966 -27.66480826157482 
2.981144540663966 -29.95249257546075 
3.0072322944519385 -29.96249257546075 
3.0072322944519385 -32.249021693613216 
3.0544125553205226 -32.249021693613216 
3.0544125553205226 -32.259021693613214 
3.0981854641236337 -32.259021693613214 
3.0981854641236337 -34.77139157766044 
3.3504378150052236 -34.781391577660436 
3.3504378150052236 -35.0 
