BER
5.33823529412 60.2673737637
30.0
2.749664483806604 -0.0239399108238 
2.749664483806604 -1.66382380226 
2.749038858558056 -1.6710057755 
2.749038858558056 -3.78250591017 
2.7484264367249898 -3.78968788341 
2.7484264367249898 -5.66418290092 
2.7534628640583994 -5.6809408385 
2.7534628640583994 -8.02705209923 
2.787306612437024 -8.03662806356 
2.787306612437024 -9.67890594608 
2.8147710789279214 -9.67890594608 
2.8147710789279214 -9.93027500973 
2.8385598018336826 -9.93027500973 
2.8385598018336826 -11.8047700272 
2.8566745283726074 -11.8119520005 
2.8566745283726074 -13.9234521351 
2.8409203364912257 -13.9334521351 
2.8409203364912257 -15.7979471526 
2.825653412748758 -15.7979471526 
2.825653412748758 -16.0229823144 
2.8056608129660443 -16.0229823144 
2.8056608129660443 -17.899871323 
2.811049097337087 -17.9022653141 
2.811049097337087 -20.0137654487 
2.895147783218948 -20.0353113685 
2.895147783218948 -21.9145943681 
2.902692131513438 -21.9145943681 
2.902692131513438 -24.0284884939 
2.9521856910756807 -24.0404584493 
2.9521856910756807 -26.151958584 
3.032979320672277 -26.1711105126 
3.032979320672277 -28.0503935123 
3.1929312298073307 -28.0886973696 
3.1929312298073307 -29.9655863782 
