ELSH
1.136667 51.14833
35.0
2.749277543776164 -0.222841225627 
2.749277543776164 -3.78830083565 
2.9028984861096037 -3.7983008356499997 
2.9028984861096037 -8.24512534819 
3.1045349985342816 -8.24512534819 
3.1045349985342816 -8.356545961 
2.9230066914627413 -8.356545961 
2.9230066914627413 -14.1504178273 
2.5424399733583734 -14.1604178273 
2.5424399733583734 -24.8467966574 
2.579101573636717 -24.8467966574 
2.579101573636717 -24.8567966574 
2.6164352352700493 -24.8567966574 
2.6164352352700493 -34.0947075209 
3.1568595885241324 -34.1047075209 
3.1568595885241324 -35.0 
