HOYT
-3.238333 58.82667
25.9
2.7491371285196653 0.098016629317 
2.7491371285196653 -5.0273315601 
2.748319430184648 -5.0273315601 
2.748319430184648 -5.15048065847 
2.7956658323180252 -5.15048065847 
2.7956658323180252 -7.6008963914 
2.989432518831051 -7.6108963914 
2.989432518831051 -15.6198295181 
2.9946138500631703 -15.6198295181 
2.9946138500631703 -15.729574633 
3.008145553973118 -15.729574633 
3.008145553973118 -21.6348671121 
3.2138162737759064 -21.644867112100002 
3.2138162737759064 -25.9 
